0      0      0
0      0      0
0      0      0
0      0      0
0      0      0
0      0      0
0      0      0
0      0      0
0      0      0
0      0      0
0      0      0
0      0      0
0      0      0
0      0      0
0      0      0
0      0      0
0      0      0
0      0      0
0      0      0
0      0      0
0      0      0
0      0      0
0      0      0
0      0      0
0      0      0
0      0      0
0      0      0
0      0      0
0      0      0
0      0      0
0      0      0
0      0      0
0      0      0
0      0      0
0      0      0
0      0      0
0      0      0
0      0      0
0      0      0
0      0      0
0      0      0
0      0      0
0      0      0
0      0      0
0      0      0
0      0      0
0      0      0
0      0      0
0      0      0
0      0      0
0      0      0
0      0      0
0      0      0
0      0      0
0      0      0
0      0      0
0      0      0
44     61     10
122    170    31
81     144    27
54     97     17
60     106    19
40     83     15
39     76     12
0      0      0
0      0      0
0      0      0
0      0      0
0      0      0
0      0      0
0      0      0
0      0      0
0      0      0
0      0      0
0      0      0
0      0      0
0      0      0
0      0      0
0      0      0
0      0      0
0      0      0
0      0      0
0      0      0
0      0      0
0      0      0
0      0      0
0      0      0
0      0      0
0      0      0
0      0      0
0      0      0
0      0      0
0      0      0
0      0      0
0      0      0
0      0      0
0      0      0
0      0      0
0      0      0
0      0      0
0      0      0
0      0      0
0      0      0
0      0      0
0      0      0
0      0      0
0      0      0
0      0      0
0      0      0
0      0      0
0      0      0
0      0      0
0      0      0
0      0      0
0      0      0
0      0      0
0      0      0
0      0      0
0      0      0
0      0      0
2      3      0
61     107    17
67     126    22
58     103    17
97     150    27
79     145    26
56     115    20
46     91     16
0      0      0
0      0      0
0      0      0
0      0      0
0      0      0
0      0      0
0      0      0
0      0      0
0      0      0
0      0      0
0      0      0
0      0      0
0      0      0
0      0      0
0      0      0
0      0      0
0      0      0
0      0      0
0      0      0
0      0      0
0      0      0
0      0      0
0      0      0
0      0      0
0      0      0
0      0      0
0      0      0
0      0      0
0      0      0
0      0      0
0      0      0
0      0      0
0      0      0
0      0      0
0      0      0
0      0      0
0      0      0
0      0      0
0      0      0
0      0      0
0      0      0
0      0      0
0      0      0
0      0      0
0      0      0
0      0      0
0      0      0
0      0      0
0      0      0
0      0      0
0      0      0
0      0      0
0      0      0
0      0      0
0      0      0
0      0      0
1      2      0
27     58     8
13     25     4
14     26     4
67     128    22
59     118    20
75     120    22
89     148    27
0      0      0
0      0      0
0      0      0
0      0      0
0      0      0
0      0      0
0      0      0
0      0      0
0      0      0
0      0      0
0      0      0
0      0      0
0      0      0
0      0      0
0      0      0
0      0      0
0      0      0
0      0      0
0      0      0
0      0      0
0      0      0
0      0      0
0      0      0
0      0      0
0      0      0
0      0      0
0      0      0
0      0      0
0      0      0
0      0      0
0      0      0
0      0      0
0      0      0
0      0      0
0      0      0
0      0      0
0      0      0
0      0      0
0      0      0
0      0      0
0      0      0
0      0      0
0      0      0
0      0      0
0      0      0
0      0      0
0      0      0
0      0      0
0      0      0
0      0      0
0      0      0
0      0      0
0      0      0
0      0      0
0      0      0
0      0      0
0      0      0
0      2      0
0      0      0
4      7      1
29     59     10
20     40     8
76     116    21
61     114    20
0      0      0
0      0      0
0      0      0
0      0      0
0      0      0
0      0      0
0      0      0
0      0      0
0      0      0
0      0      0
0      0      0
0      0      0
0      0      0
0      0      0
0      0      0
0      0      0
0      0      0
0      0      0
0      0      0
0      0      0
0      0      0
0      0      0
0      0      0
0      0      0
0      0      0
0      0      0
0      0      0
0      0      0
0      0      0
0      0      0
0      0      0
0      0      0
0      0      0
0      0      0
0      0      0
0      0      0
0      0      0
0      0      0
0      0      0
0      0      0
0      0      0
0      0      0
0      0      0
0      0      0
0      0      0
0      0      0
0      0      0
0      0      0
0      0      0
0      0      0
0      0      0
0      0      0
0      0      0
0      0      0
0      0      0
0      0      0
0      0      0
0      0      0
0      0      0
0      0      0
0      0      0
2      3      0
37     75     12
18     35     5
0      0      0
0      0      0
0      0      0
0      0      0
0      0      0
0      0      0
0      0      0
0      0      0
0      0      0
0      0      0
0      0      0
0      0      0
0      0      0
0      0      0
0      0      0
0      0      0
0      0      0
0      0      0
0      0      0
0      0      0
0      0      0
0      0      0
0      0      0
0      0      0
0      0      0
0      0      0
0      0      0
0      0      0
0      0      0
0      0      0
0      0      0
0      0      0
0      0      0
0      0      0
0      0      0
0      0      0
0      0      0
0      0      0
0      0      0
0      0      0
0      0      0
0      0      0
0      0      0
0      0      0
0      0      0
0      0      0
0      0      0
0      0      0
0      0      0
0      0      0
0      0      0
0      0      0
0      0      0
0      0      0
0      0      0
0      0      0
0      0      0
0      0      0
0      0      0
0      0      0
0      0      0
0      0      0
5      9      1
1      2      0
0      0      0
0      0      0
0      0      0
0      0      0
0      0      0
0      0      0
0      0      0
0      0      0
0      0      0
0      0      0
0      0      0
0      0      0
0      0      0
0      0      0
0      0      0
0      0      0
0      0      0
0      0      0
0      0      0
0      0      0
0      0      0
0      0      0
0      0      0
0      0      0
0      0      0
0      0      0
0      0      0
0      0      0
0      0      0
0      0      0
0      0      0
0      0      0
0      0      0
0      0      0
0      0      0
0      0      0
0      0      0
0      0      0
0      0      0
0      0      0
0      0      0
0      0      0
0      0      0
0      0      0
0      0      0
0      0      0
0      0      0
0      0      0
0      0      0
0      0      0
0      0      0
0      0      0
0      0      0
0      0      0
0      0      0
0      0      0
0      0      0
0      0      0
0      0      0
0      0      0
0      0      0
0      0      0
0      0      0
0      0      0
0      0      0
0      0      0
0      0      0
0      0      0
0      0      0
0      0      0
0      0      0
0      0      0
0      0      0
0      0      0
0      0      0
0      0      0
0      0      0
0      0      0
0      0      0
0      0      0
0      0      0
0      0      0
0      0      0
0      0      0
0      0      0
0      0      0
0      0      0
0      0      0
0      0      0
0      0      0
0      0      0
0      0      0
0      0      0
0      0      0
0      0      0
0      0      0
0      0      0
0      0      0
0      0      0
0      0      0
0      0      0
0      0      0
0      0      0
0      0      0
0      0      0
0      0      0
0      0      0
0      0      0
0      0      0
0      0      0
0      0      0
0      0      0
0      0      0
0      0      0
0      0      0
0      0      0
0      0      0
0      0      0
0      0      0
0      0      0
0      0      0
0      0      0
0      0      0
0      0      0
0      0      0
0      0      0
0      0      0
0      0      0
0      0      0
0      0      0
0      0      0
0      0      0
0      0      0
0      0      0
0      0      0
0      0      0
0      0      0
0      0      0
0      0      0
0      0      0
0      0      0
0      0      0
0      0      0
0      0      0
0      0      0
0      0      0
0      0      0
0      0      0
0      0      0
0      0      0
0      0      0
0      0      0
0      0      0
0      0      0
0      0      0
0      0      0
0      0      0
0      0      0
0      0      0
0      0      0
0      0      0
0      0      0
0      0      0
0      0      0
0      0      0
0      0      0
0      0      0
0      0      0
0      0      0
0      0      0
0      0      0
0      0      0
0      0      0
0      0      0
0      0      0
0      0      0
0      0      0
0      0      0
0      0      0
0      0      0
0      0      0
0      0      0
0      0      0
0      0      0
0      0      0
0      0      0
0      0      0
0      0      0
0      0      0
0      0      0
0      0      0
0      0      0
0      0      0
0      0      0
0      0      0
0      0      0
0      0      0
0      0      0
0      0      0
0      0      0
0      0      0
0      0      0
0      0      0
0      0      0
0      0      0
0      0      0
0      0      0
0      0      0
0      0      0
0      0      0
0      0      0
0      0      0
0      0      0
0      0      0
0      0      0
0      0      0
0      0      0
0      0      0
0      0      0
0      0      0
0      0      0
0      0      0
0      0      0
0      0      0
0      0      0
0      0      0
0      0      0
0      0      0
0      0      0
0      0      0
0      0      0
0      0      0
0      0      0
0      0      0
0      0      0
0      0      0
0      0      0
0      0      0
0      0      0
0      0      0
0      0      0
0      0      0
0      0      0
0      0      0
0      0      0
0      0      0
0      0      0
0      0      0
0      0      0
0      0      0
0      0      0
0      0      0
0      0      0
0      0      0
0      0      0
0      0      0
0      0      0
0      0      0
0      0      0
0      0      0
0      0      0
0      0      0
0      0      0
0      0      0
0      0      0
0      0      0
0      0      0
0      0      0
0      0      0
0      0      0
0      0      0
0      0      0
0      0      0
0      0      0
0      0      0
0      0      0
0      0      0
0      0      0
0      0      0
0      0      0
0      0      0
0      0      0
0      0      0
0      0      0
0      0      0
0      0      0
0      0      0
0      0      0
0      0      0
0      0      0
0      0      0
0      0      0
0      0      0
0      0      0
0      0      0
0      0      0
0      0      0
0      0      0
0      0      0
0      0      0
0      0      0
0      0      0
0      0      0
0      0      0
0      0      0
0      0      0
0      0      0
0      0      0
0      0      0
0      0      0
0      0      0
0      0      0
0      0      0
0      0      0
0      0      0
0      0      0
0      0      0
0      0      0
0      0      0
0      0      0
0      0      0
0      0      0
0      0      0
0      0      0
0      0      0
0      0      0
0      0      0
0      0      0
0      0      0
0      0      0
0      0      0
0      0      0
0      0      0
0      0      0
0      0      0
0      0      0
0      0      0
0      0      0
0      0      0
0      0      0
0      0      0
0      0      0
0      0      0
0      0      0
0      0      0
0      0      0
0      0      0
0      0      0
0      0      0
0      0      0
0      0      0
0      0      0
0      0      0
0      0      0
0      0      0
0      0      0
0      0      0
0      0      0
0      0      0
0      0      0
0      0      0
0      0      0
0      0      0
0      0      0
0      0      0
0      0      0
0      0      0
0      0      0
0      0      0
0      0      0
0      0      0
0      0      0
0      0      0
0      0      0
0      0      0
0      0      0
0      0      0
0      0      0
0      0      0
0      0      0
0      0      0
0      0      0
0      0      0
0      0      0
0      0      0
0      0      0
0      0      0
0      0      0
0      0      0
0      0      0
0      0      0
0      0      0
0      0      0
0      0      0
0      0      0
0      0      0
0      0      0
0      0      0
0      0      0
0      0      0
0      0      0
0      0      0
0      0      0
0      0      0
0      0      0
0      0      0
0      0      0
0      0      0
0      0      0
0      0      0
0      0      0
0      0      0
0      0      0
0      0      0
0      0      0
0      0      0
0      0      0
0      0      0
0      0      0
0      0      0
0      0      0
0      0      0
0      0      0
0      0      0
0      0      0
0      0      0
0      0      0
0      0      0
0      0      0
0      0      0
0      0      0
0      0      0
0      0      0
0      0      0
0      0      0
0      0      0
0      0      0
0      0      0
0      0      0
0      0      0
0      0      0
0      0      0
0      0      0
0      0      0
0      0      0
0      0      0
0      0      0
0      0      0
0      0      0
0      0      0
0      0      0
0      0      0
0      0      0
0      0      0
0      0      0
0      0      0
0      0      0
0      0      0
0      0      0
0      0      0
0      0      0
0      0      0
0      0      0
0      0      0
0      0      0
0      0      0
0      0      0
0      0      0
0      0      0
0      0      0
0      0      0
0      0      0
0      0      0
0      0      0
0      0      0
0      0      0
0      0      0
0      0      0
0      0      0
0      0      0
0      0      0
0      0      0
0      0      0
0      0      0
0      0      0
0      0      0
0      0      0
0      0      0
0      0      0
0      0      0
0      0      0
0      0      0
0      0      0
0      0      0
0      0      0
0      0      0
0      0      0
0      0      0
0      0      0
0      0      0
0      0      0
0      0      0
0      0      0
0      0      0
0      0      0
0      0      0
0      0      0
0      0      0
0      0      0
0      0      0
0      0      0
0      0      0
0      0      0
0      0      0
0      0      0
0      0      0
0      0      0
0      0      0
0      0      0
0      0      0
0      0      0
0      0      0
0      0      0
0      0      0
0      0      0
0      0      0
0      0      0
0      0      0
0      0      0
0      0      0
0      0      0
0      0      0
0      0      0
0      0      0
0      0      0
0      0      0
0      0      0
0      0      0
0      0      0
0      0      0
0      0      0
0      0      0
0      0      0
0      0      0
0      0      0
0      0      0
0      0      0
0      0      0
0      0      0
0      0      0
0      0      0
0      0      0
0      0      0
0      0      0
0      0      0
0      0      0
0      0      0
0      0      0
0      0      0
0      0      0
0      0      0
0      0      0
0      0      0
0      0      0
0      0      0
0      0      0
0      0      0
0      0      0
0      0      0
0      0      0
0      0      0
0      0      0
0      0      0
0      0      0
0      0      0
0      0      0
0      0      0
0      0      0
0      0      0
0      0      0
0      0      0
0      0      0
0      0      0
0      0      0
0      0      0
0      0      0
0      0      0
0      0      0
0      0      0
0      0      0
0      0      0
0      0      0
0      0      0
0      0      0
0      0      0
0      0      0
0      0      0
0      0      0
0      0      0
0      0      0
0      0      0
0      0      0
0      0      0
0      0      0
0      0      0
0      0      0
0      0      0
0      0      0
0      0      0
0      0      0
0      0      0
0      0      0
0      0      0
0      0      0
0      0      0
0      0      0
0      0      0
0      0      0
0      0      0
0      0      0
0      0      0
0      0      0
0      0      0
0      0      0
0      0      0
0      0      0
0      0      0
0      0      0
0      0      0
0      0      0
0      0      0
0      0      0
0      0      0
0      0      0
0      0      0
0      0      0
0      0      0
0      0      0
0      0      0
0      0      0
0      0      0
0      0      0
0      0      0
0      0      0
0      0      0
0      0      0
0      0      0
0      0      0
0      0      0
0      0      0
0      0      0
0      0      0
0      0      0
0      0      0
0      0      0
0      0      0
0      0      0
0      0      0
0      0      0
0      0      0
0      0      0
0      0      0
0      0      0
0      0      0
0      0      0
0      0      0
0      0      0
0      0      0
0      0      0
0      0      0
0      0      0
0      0      0
0      0      0
0      0      0
0      0      0
0      0      0
0      0      0
0      0      0
0      0      0
0      0      0
0      0      0
0      0      0
0      0      0
0      0      0
0      0      0
0      0      0
0      0      0
0      0      0
0      0      0
0      0      0
0      0      0
0      0      0
0      0      0
0      0      0
0      0      0
0      0      0
0      0      0
0      0      0
0      0      0
0      0      0
0      0      0
0      0      0
0      0      0
0      0      0
0      0      0
0      0      0
0      0      0
0      0      0
0      0      0
0      0      0
0      0      0
0      0      0
0      0      0
0      0      0
0      0      0
0      0      0
0      0      0
0      0      0
0      0      0
0      0      0
0      0      0
0      0      0
0      0      0
0      0      0
0      0      0
0      0      0
0      0      0
0      0      0
0      0      0
0      0      0
0      0      0
0      0      0
0      0      0
0      0      0
0      0      0
0      0      0
0      0      0
0      0      0
0      0      0
0      0      0
0      0      0
0      0      0
0      0      0
0      0      0
0      0      0
0      0      0
0      0      0
0      0      0
0      0      0
0      0      0
0      0      0
0      0      0
0      0      0
0      0      0
0      0      0
0      0      0
0      0      0
0      0      0
0      0      0
0      0      0
0      0      0
0      0      0
0      0      0
0      0      0
0      0      0
0      0      0
0      0      0
0      0      0
0      0      0
0      0      0
0      0      0
0      0      0
0      0      0
0      0      0
0      0      0
0      0      0
0      0      0
0      0      0
0      0      0
0      0      0
0      0      0
0      0      0
0      0      0
0      0      0
0      0      0
0      0      0
0      0      0
0      0      0
0      0      0
0      0      0
0      0      0
0      0      0
0      0      0
0      0      0
0      0      0
0      0      0
0      0      0
0      0      0
0      0      0
0      0      0
0      0      0
0      0      0
0      0      0
0      0      0
0      0      0
0      0      0
0      0      0
0      0      0
0      0      0
0      0      0
0      0      0
0      0      0
0      0      0
0      0      0
0      0      0
0      0      0
0      0      0
0      0      0
0      0      0
0      0      0
0      0      0
0      0      0
0      0      0
0      0      0
0      0      0
0      0      0
0      0      0
0      0      0
0      0      0
0      0      0
0      0      0
0      0      0
0      0      0
0      0      0
0      0      0
0      0      0
0      0      0
0      0      0
0      0      0
0      0      0
0      0      0
0      0      0
0      0      0
0      0      0
0      0      0
0      0      0
0      0      0
0      0      0
0      0      0
0      0      0
0      0      0
0      0      0
0      0      0
0      0      0
0      0      0
0      0      0
0      0      0
0      0      0
0      0      0
0      0      0
0      0      0
0      0      0
0      0      0
0      0      0
0      0      0
0      0      0
0      0      0
0      0      0
0      0      0
0      0      0
0      0      0
0      0      0
0      0      0
0      0      0
0      0      0
0      0      0
0      0      0
0      0      0
0      0      0
0      0      0
0      0      0
0      0      0
0      0      0
0      0      0
0      0      0
0      0      0
0      0      0
0      0      0
0      0      0
0      0      0
0      0      0
0      0      0
0      0      0
0      0      0
0      0      0
0      0      0
0      0      0
0      0      0
0      0      0
0      0      0
0      0      0
0      0      0
0      0      0
0      0      0
0      0      0
0      0      0
0      0      0
0      0      0
0      0      0
0      0      0
0      0      0
0      0      0
0      0      0
0      0      0
0      0      0
0      0      0
0      0      0
0      0      0
0      0      0
0      0      0
0      0      0
0      0      0
0      0      0
0      0      0
0      0      0
0      0      0
0      0      0
0      0      0
0      0      0
0      0      0
0      0      0
0      0      0
0      0      0
0      0      0
0      0      0
0      0      0
0      0      0
0      0      0
0      0      0
0      0      0
0      0      0
0      0      0
0      0      0
0      0      0
0      0      0
0      0      0
0      0      0
0      0      0
0      0      0
0      0      0
0      0      0
0      0      0
0      0      0
0      0      0
0      0      0
0      0      0
0      0      0
0      0      0
0      0      0
0      0      0
0      0      0
0      0      0
0      0      0
0      0      0
0      0      0
0      0      0
0      0      0
0      0      0
0      0      0
0      0      0
0      0      0
0      0      0
0      0      0
0      0      0
0      0      0
0      0      0
0      0      0
0      0      0
0      0      0
0      0      0
0      0      0
0      0      0
0      0      0
0      0      0
0      0      0
0      0      0
0      0      0
0      0      0
0      0      0
0      0      0
0      0      0
0      0      0
0      0      0
0      0      0
0      0      0
0      0      0
0      0      0
0      0      0
0      0      0
0      0      0
0      0      0
0      0      0
0      0      0
0      0      0
0      0      0
0      0      0
0      0      0
0      0      0
0      0      0
0      0      0
0      0      0
0      0      0
0      0      0
0      0      0
0      0      0
0      0      0
0      0      0
0      0      0
0      0      0
0      0      0
0      0      0
0      0      0
0      0      0
0      0      0
0      0      0
0      0      0
0      0      0
0      0      0
0      0      0
0      0      0
0      0      0
0      0      0
0      0      0
0      0      0
0      0      0
0      0      0
0      0      0
0      0      0
0      0      0
0      0      0
0      0      0
0      0      0
0      0      0
0      0      0
0      0      0
0      0      0
0      0      0
0      0      0
0      0      0
0      0      0
0      0      0
0      0      0
0      0      0
0      0      0
0      0      0
0      0      0
0      0      0
0      0      0
0      0      0
0      0      0
0      0      0
0      0      0
0      0      0
0      0      0
0      0      0
0      0      0
0      0      0
0      0      0
0      0      0
0      0      0
0      0      0
0      0      0
0      0      0
0      0      0
0      0      0
0      0      0
0      0      0
0      0      0
0      0      0
0      0      0
0      0      0
0      0      0
0      0      0
0      0      0
0      0      0
0      0      0
0      0      0
0      0      0
0      0      0
0      0      0
0      0      0
0      0      0
0      0      0
0      0      0
0      0      0
0      0      0
0      0      0
0      0      0
0      0      0
0      0      0
0      0      0
0      0      0
0      0      0
0      0      0
0      0      0
0      0      0
0      0      0
0      0      0
0      0      0
0      0      0
0      0      0
0      0      0
0      0      0
0      0      0
0      0      0
0      0      0
0      0      0
0      0      0
0      0      0
0      0      0
0      0      0
0      0      0
0      0      0
0      0      0
0      0      0
0      0      0
0      0      0
0      0      0
0      0      0
0      0      0
0      0      0
0      0      0
0      0      0
0      0      0
0      0      0
0      0      0
0      0      0
0      0      0
0      0      0
0      0      0
0      0      0
0      0      0
0      0      0
0      0      0
0      0      0
0      0      0
0      0      0
0      0      0
0      0      0
0      0      0
0      0      0
0      0      0
0      0      0
0      0      0
0      0      0
0      0      0
0      0      0
0      0      0
0      0      0
0      0      0
0      0      0
0      0      0
0      0      0
0      0      0
0      0      0
0      0      0
0      0      0
0      0      0
0      0      0
0      0      0
0      0      0
0      0      0
0      0      0
0      0      0
0      0      0
0      0      0
0      0      0
0      0      0
0      0      0
0      0      0
0      0      0
0      0      0
0      0      0
0      0      0
0      0      0
0      0      0
0      0      0
0      0      0
0      0      0
0      0      0
0      0      0
0      0      0
0      0      0
0      0      0
0      0      0
0      0      0
0      0      0
0      0      0
0      0      0
0      0      0
0      0      0
0      0      0
0      0      0
0      0      0
0      0      0
0      0      0
0      0      0
0      0      0
0      0      0
0      0      0
0      0      0
0      0      0
0      0      0
0      0      0
0      0      0
0      0      0
18     19     20
104    105    104
104    104    104
13     13     13
0      0      0
0      0      0
0      0      0
0      0      0
0      0      0
0      0      0
0      0      0
0      0      0
0      0      0
0      0      0
0      0      0
0      0      0
0      0      0
0      0      0
0      0      0
0      0      0
0      0      0
0      0      0
0      0      0
0      0      0
0      0      0
0      0      0
0      0      0
0      0      0
0      0      0
0      0      0
0      0      0
0      0      0
0      0      0
0      0      0
0      0      0
0      0      0
0      0      0
0      0      0
0      0      0
0      0      0
0      0      0
0      0      0
0      0      0
0      0      0
0      0      0
0      0      0
0      0      0
0      0      0
0      0      0
0      0      0
0      0      0
0      0      0
0      0      0
0      0      0
0      0      0
0      0      0
0      0      0
0      0      0
0      0      0
0      0      0
0      0      0
0      0      0
0      0      0
0      0      0
119    142    156
97     98     102
87     89     90
28     28     28
0      0      0
0      0      0
0      0      0
0      0      0
0      0      0
0      0      0
0      0      0
0      0      0
0      0      0
0      0      0
0      0      0
0      0      0
0      0      0
0      0      0
0      0      0
0      0      0
0      0      0
0      0      0
0      0      0
0      0      0
0      0      0
0      0      0
0      0      0
0      0      0
0      0      0
0      0      0
0      0      0
0      0      0
0      0      0
0      0      0
0      0      0
0      0      0
0      0      0
0      0      0
0      0      0
0      0      0
0      0      0
0      0      0
0      0      0
0      0      0
0      0      0
0      0      0
0      0      0
0      0      0
0      0      0
0      0      0
0      0      0
0      0      0
0      0      0
0      0      0
0      0      0
0      0      0
0      0      0
0      0      0
0      0      0
0      0      0
0      0      0
0      0      0
0      0      0
0      0      0
168    182    194
135    120    136
162    173    178
150    149    150
5      5      5
0      0      0
0      0      0
0      0      0
0      0      0
0      0      0
0      0      0
0      0      0
0      0      0
0      0      0
0      0      0
0      0      0
0      0      0
0      0      0
0      0      0
0      0      0
0      0      0
0      0      0
0      0      0
0      0      0
0      0      0
0      0      0
0      0      0
0      0      0
0      0      0
0      0      0
0      0      0
0      0      0
0      0      0
0      0      0
0      0      0
0      0      0
0      0      0
0      0      0
0      0      0
0      0      0
0      0      0
0      0      0
0      0      0
0      0      0
0      0      0
0      0      0
0      0      0
0      0      0
0      0      0
0      0      0
0      0      0
0      0      0
0      0      0
0      0      0
0      0      0
0      0      0
0      0      0
0      0      0
0      0      0
0      0      0
0      0      0
0      0      0
0      0      0
0      0      0
171    128    84
177    163    157
227    230    232
162    162    162
4      4      4
0      0      0
0      0      0
0      0      0
0      0      0
0      0      0
0      0      0
0      0      0
0      0      0
0      0      0
0      0      0
0      0      0
0      0      0
0      0      0
0      0      0
0      0      0
0      0      0
0      0      0
0      0      0
0      0      0
0      0      0
0      0      0
0      0      0
0      0      0
0      0      0
0      0      0
0      0      0
0      0      0
0      0      0
0      0      0
0      0      0
0      0      0
0      0      0
0      0      0
0      0      0
0      0      0
0      0      0
0      0      0
0      0      0
0      0      0
0      0      0
0      0      0
0      0      0
0      0      0
0      0      0
0      0      0
0      0      0
0      0      0
0      0      0
0      0      0
0      0      0
0      0      0
0      0      0
0      0      0
0      0      0
0      0      0
0      0      0
0      0      0
0      0      0
0      0      0
219    127    45
207    163    118
176    172    167
39     39     40
0      0      0
0      0      0
0      0      0
0      0      0
0      0      0
0      0      0
0      0      0
0      0      0
0      0      0
0      0      0
0      0      0
0      0      0
0      0      0
0      0      0
0      0      0
0      0      0
0      0      0
0      0      0
0      0      0
0      0      0
0      0      0
0      0      0
0      0      0
0      0      0
0      0      0
0      0      0
0      0      0
0      0      0
0      0      0
0      0      0
0      0      0
0      0      0
0      0      0
0      0      0
0      0      0
0      0      0
0      0      0
0      0      0
0      0      0
0      0      0
0      0      0
0      0      0
0      0      0
0      0      0
0      0      0
0      0      0
0      0      0
0      0      0
0      0      0
0      0      0
0      0      0
0      0      0
0      0      0
0      0      0
0      0      0
0      0      0
0      0      0
0      0      0
0      0      0
0      0      0
201    122    44
138    85     31
24     16     9
0      0      0
0      0      0
0      0      0
0      0      0
0      0      0
0      0      0
0      0      0
0      0      0
0      0      0
0      0      0
0      0      0
0      0      0
0      0      0
0      0      0
0      0      0
0      0      0
0      0      0
0      0      0
0      0      0
0      0      0
0      0      0
0      0      0
0      0      0
0      0      0
0      0      0
0      0      0
0      0      0
0      0      0
0      0      0
0      0      0
0      0      0
0      0      0
0      0      0
0      0      0
0      0      0
0      0      0
0      0      0
0      0      0
0      0      0
0      0      0
0      0      0
0      0      0
0      0      0
0      0      0
0      0      0
0      0      0
0      0      0
0      0      0
0      0      0
0      0      0
0      0      0
0      0      0
0      0      0
0      0      0
0      0      0
0      0      0
0      0      0
0      0      0
0      0      0
0      0      0
0      0      0
222    204    187
114    104    96
0      0      0
0      0      0
0      0      0
0      0      0
0      0      0
0      0      0
0      0      0
0      0      0
0      0      0
0      0      0
0      0      0
0      0      0
0      0      0
0      0      0
0      0      0
0      0      0
0      0      0
0      0      0
0      0      0
0      0      0
0      0      0
0      0      0
0      0      0
0      0      0
0      0      0
0      0      0
0      0      0
0      0      0
0      0      0
0      0      0
0      0      0
0      0      0
0      0      0
0      0      0
0      0      0
0      0      0
0      0      0
0      0      0
0      0      0
0      0      0
0      0      0
0      0      0
0      0      0
0      0      0
0      0      0
0      0      0
0      0      0
0      0      0
0      0      0
0      0      0
0      0      0
0      0      0
0      0      0
0      0      0
0      0      0
0      0      0
0      0      0
0      0      0
0      0      0
0      0      0
0      0      0
0      0      0
255    255    255
163    161    162
19     19     19
0      0      0
0      0      0
0      0      0
0      0      0
0      0      0
0      0      0
0      0      0
0      0      0
0      0      0
0      0      0
0      0      0
0      0      0
0      0      0
0      0      0
0      0      0
0      0      0
0      0      0
0      0      0
0      0      0
0      0      0
0      0      0
0      0      0
0      0      0
0      0      0
0      0      0
0      0      0
0      0      0
0      0      0
0      0      0
0      0      0
0      0      0
0      0      0
0      0      0
0      0      0
0      0      0
0      0      0
0      0      0
0      0      0
0      0      0
0      0      0
0      0      0
0      0      0
0      0      0
0      0      0
0      0      0
0      0      0
0      0      0
0      0      0
0      0      0
0      0      0
0      0      0
0      0      0
0      0      0
0      0      0
0      0      0
0      0      0
0      0      0
0      0      0
0      0      0
0      0      0
0      0      0
251    251    249
235    235    235
174    174    174
20     20     19
0      0      0
0      0      0
0      0      0
0      0      0
0      0      0
0      0      0
0      0      0
0      0      0
0      0      0
0      0      0
0      0      0
0      0      0
0      0      0
0      0      0
0      0      0
0      0      0
0      0      0
0      0      0
0      0      0
0      0      0
0      0      0
0      0      0
0      0      0
0      0      0
0      0      0
0      0      0
0      0      0
0      0      0
0      0      0
0      0      0
0      0      0
0      0      0
0      0      0
0      0      0
0      0      0
0      0      0
0      0      0
0      0      0
0      0      0
0      0      0
0      0      0
0      0      0
0      0      0
0      0      0
0      0      0
0      0      0
0      0      0
0      0      0
0      0      0
0      0      0
0      0      0
0      0      0
0      0      0
0      0      0
0      0      0
0      0      0
0      0      0
0      0      0
0      0      0
0      0      0
222    222    222
136    136    137
203    203    203
31     31     31
0      0      0
0      0      0
0      0      0
0      0      0
0      0      0
0      0      0
0      0      0
0      0      0
0      0      0
0      0      0
0      0      0
0      0      0
0      0      0
0      0      0
0      0      0
0      0      0
0      0      0
0      0      0
0      0      0
0      0      0
0      0      0
0      0      0
0      0      0
0      0      0
0      0      0
0      0      0
0      0      0
0      0      0
0      0      0
0      0      0
0      0      0
0      0      0
0      0      0
0      0      0
0      0      0
0      0      0
0      0      0
0      0      0
0      0      0
0      0      0
0      0      0
0      0      0
0      0      0
0      0      0
0      0      0
0      0      0
0      0      0
0      0      0
0      0      0
0      0      0
0      0      0
0      0      0
0      0      0
0      0      0
0      0      0
0      0      0
0      0      0
0      0      0
0      0      0
0      0      0
218    218    218
121    120    120
200    201    200
31     31     31
0      0      0
0      0      0
0      0      0
0      0      0
0      0      0
0      0      0
0      0      0
0      0      0
0      0      0
0      0      0
0      0      0
0      0      0
0      0      0
0      0      0
0      0      0
0      0      0
0      0      0
0      0      0
0      0      0
0      0      0
0      0      0
0      0      0
0      0      0
0      0      0
0      0      0
0      0      0
0      0      0
0      0      0
0      0      0
0      0      0
0      0      0
0      0      0
0      0      0
0      0      0
0      0      0
0      0      0
0      0      0
0      0      0
0      0      0
0      0      0
0      0      0
0      0      0
0      0      0
0      0      0
0      0      0
0      0      0
0      0      0
0      0      0
0      0      0
0      0      0
0      1      1
0      2      3
0      0      0
0      0      0
0      0      0
0      0      0
0      0      0
0      0      0
0      0      0
0      0      0
239    239    240
127    127    129
114    115    116
22     22     22
0      0      0
0      0      0
0      0      0
0      0      0
0      0      0
0      0      0
0      0      0
0      0      0
0      0      0
0      0      0
0      0      0
0      0      0
0      0      0
0      0      0
0      0      0
0      0      0
0      0      0
0      0      0
0      0      0
0      0      0
0      0      0
0      0      0
0      0      0
0      0      0
0      0      0
0      0      0
0      0      0
0      0      0
0      0      0
0      0      0
0      0      0
0      0      0
0      0      0
0      0      0
0      0      0
0      0      0
0      0      0
0      0      0
0      0      0
0      0      0
0      0      0
0      0      0
0      0      0
0      0      0
0      0      0
0      0      0
0      0      0
0      0      0
0      0      0
1      5      7
7      23     36
28     59     91
3      17     26
1      6      8
0      0      0
0      0      0
0      0      0
0      0      0
0      0      0
0      0      0
183    174    134
137    128    86
47     42     21
1      1      2
0      0      0
0      0      0
0      0      0
0      0      0
0      0      0
0      0      0
0      0      0
0      0      0
0      0      0
0      0      0
0      0      0
0      0      0
0      0      0
0      0      0
0      0      0
0      0      0
0      0      0
0      0      0
0      0      0
0      0      0
0      0      0
0      0      0
0      0      0
0      0      0
0      0      0
0      0      0
0      0      0
0      0      0
0      0      0
0      0      0
0      0      0
0      0      0
0      0      0
0      0      0
0      0      0
0      0      0
0      0      0
0      0      0
0      0      0
0      0      0
0      0      0
0      0      0
0      0      0
0      0      0
0      0      0
0      0      0
0      0      0
0      0      0
0      0      0
4      16     23
17     47     75
60     74     116
9      46     69
4      17     26
0      0      0
0      0      0
0      0      0
0      0      0
0      0      0
0      0      0
96     79     31
181    142    54
178    157    61
19     17     7
0      0      0
0      0      0
0      0      0
0      0      0
0      0      0
0      0      0
0      0      0
0      0      0
0      0      0
0      0      0
0      0      0
0      0      0
0      0      0
0      0      0
0      0      0
0      0      0
0      0      0
0      0      0
0      0      0
0      0      0
0      0      0
0      0      0
0      0      0
0      0      0
0      0      0
0      0      0
0      0      0
0      0      0
0      0      0
0      0      0
0      0      0
0      0      0
0      0      0
0      0      0
0      0      0
0      0      0
0      0      0
0      0      0
0      0      0
0      0      0
0      0      0
0      0      0
0      0      0
0      0      0
0      0      0
0      0      0
0      0      0
0      0      0
0      0      0
0      0      0
5      10     10
20     43     43
1      2      2
0      0      0
0      0      0
0      0      0
0      0      0
0      0      0
0      0      0
0      0      0
50     42     17
93     61     23
157    128    49
21     20     7
0      0      0
0      0      0
0      0      0
0      0      0
0      0      0
0      0      0
0      0      0
0      0      0
0      0      0
0      0      0
0      0      0
0      0      0
0      0      0
0      0      0
0      0      0
0      0      0
0      0      0
0      0      0
0      0      0
0      0      0
0      0      0
0      0      0
0      0      0
0      0      0
0      0      0
0      0      0
0      0      0
0      0      0
0      0      0
0      0      0
0      0      0
0      0      0
0      0      0
0      0      0
0      0      0
0      0      0
0      0      0
0      0      0
0      0      0
0      0      0
0      0      0
0      0      0
0      0      0
0      0      0
0      0      0
0      0      0
0      0      0
0      0      0
0      0      0
0      0      0
38     49     6
60     79     11
2      3      0
0      0      0
0      0      0
0      0      0
0      0      0
0      0      0
0      0      0
7      6      4
46     39     15
0      0      0
3      2      1
1      0      0
0      0      0
0      0      0
0      0      0
0      0      0
0      0      0
0      0      0
0      0      0
0      0      0
0      0      0
0      0      0
0      0      0
0      0      0
0      0      0
0      0      0
0      0      0
0      0      0
0      0      0
0      0      0
0      0      0
0      0      0
0      0      0
0      0      0
0      0      0
0      0      0
0      0      0
0      0      0
0      0      0
0      0      0
0      0      0
0      0      0
0      0      0
0      0      0
0      0      0
0      0      0
0      0      0
0      0      0
0      0      0
0      0      0
0      0      0
0      0      0
0      0      0
0      0      0
0      0      0
0      0      0
0      0      0
0      0      0
0      0      0
0      0      0
0      0      0
4      5      1
87     116    19
20     27     5
34     44     6
22     27     3
0      0      0
0      0      0
0      0      0
0      0      0
3      3      2
39     30     24
31     36     9
17     23     3
18     23     3
18     23     3
19     24     3
19     24     3
18     23     3
18     23     3
19     23     3
19     23     3
19     24     3
19     24     3
19     23     3
18     23     3
19     23     3
19     24     3
19     24     3
19     23     3
18     23     3
19     23     3
18     23     3
19     24     3
19     24     3
19     24     3
18     23     3
19     23     3
18     23     3
19     24     3
19     24     3
18     23     3
18     23     3
19     23     3
19     24     3
19     24     3
19     24     3
18     23     3
19     23     3
18     23     3
19     24     3
19     24     3
18     23     3
18     23     3
19     23     3
18     23     3
19     24     3
19     24     3
19     23     3
18     23     3
19     23     3
19     23     3
19     24     3
19     23     3
18     23     3
20     25     4
45     58     10
24     31     4
41     53     8
33     42     6
17     22     3
19     23     3
18     23     3
19     24     3
21     26     5
36     37     14
99     149    24
131    174    30
114    162    27
119    162    28
100    147    25
99     146    24
131    173    30
134    176    31
111    157    26
110    156    26
93     142    24
93     143    23
115    161    27
123    168    29
115    160    27
107    153    26
92     142    23
115    160    27
137    178    31
114    161    27
119    162    28
100    147    24
92     142    23
105    153    25
133    175    31
111    157    26
119    164    28
94     143    24
106    153    26
136    177    31
129    173    30
109    156    26
105    152    25
93     142    23
94     144    24
124    168    29
115    162    27
119    162    28
100    147    25
94     143    24
124    167    29
135    177    31
110    157    26
120    163    28
95     143    24
93     142    23
114    160    27
130    173    30
111    157    27
115    158    27
92     142    23
115    160    27
137    178    31
125    168    29
121    162    28
100    146    25
92     141    24
98     147    25
129    173    30
110    158    27
119    163    28
95     143    24
99     147    25
130    174    32
85     126    26
106    151    29
99     145    28
128    126    33
141    114    31
133    116    31
103    144    29
110    154    29
98     139    28
134    118    32
142    113    32
116    114    30
90     139    27
102    149    28
116    129    30
142    115    32
141    112    33
116    129    30
107    153    30
99     144    28
128    124    33
141    115    31
130    114    32
86     131    27
109    155    29
98     138    27
137    120    34
142    113    32
125    120    30
103    150    29
109    154    28
102    132    29
139    116    32
142    112    33
102    117    28
97     146    27
98     145    28
128    125    32
141    114    32
138    113    32
110    138    29
110    157    29
98     139    28
138    123    34
141    113    31
118    116    30
89     140    28
109    154    29
104    134    29
142    119    33
141    112    32
116    128    30
104    154    29
106    150    29
128    126    32
141    114    32
138    113    31
91     124    27
103    151    29
98     138    28
137    121    33
142    113    32
132    116    32
106    144    30
110    81     37
139    97     37
169    113    37
120    81     35
152    91     38
166    101    36
108    81     36
156    107    37
158    107    35
128    82     36
183    108    40
150    95     35
112    84     37
161    110    35
131    88     34
138    85     38
187    111    39
130    88     34
133    95     37
169    114    36
121    81     37
154    94     38
175    107    37
109    81     35
155    106    38
158    107    35
122    77     38
182    107    40
150    95     35
110    83     36
168    113    37
144    98     35
138    84     38
187    111    39
131    88     35
122    89     37
162    111    36
122    81     36
154    93     38
182    108    38
120    85     35
155    105    37
157    106    36
119    78     37
172    102    38
157    99     36
111    83     36
168    114    38
143    98     34
131    82     38
188    110    39
130    87     35
123    89     37
171    114    37
124    81     37
153    91     38
183    108    38
116    83     37
138    98     36
155    105    35
119    77     37
171    100    38
167    102    36
115    83     36
177    108    40
130    83     37
143    89     35
175    105    37
128    83     37
158    96     36
171    104    39
121    78     39
158    95     36
154    95     38
121    79     37
167    101    35
156    97     39
132    83     37
174    105    37
137    87     39
132    85     37
179    107    37
140    88     38
144    88     36
178    106    39
128    82     38
144    91     38
171    103    38
123    80     38
156    94     35
167    103    39
127    81     38
171    103    36
157    97     39
123    79     37
168    102    36
139    88     38
129    82     36
175    106    38
141    89     38
142    88     35
175    106    38
126    82     38
144    90     37
167    100    37
121    78     38
159    95     37
170    102    39
121    78     38
159    98     37
158    97     39
125    79     36
167    100    37
154    95     38
133    84     36
179    108    38
140    88     38
132    83     37
177    107    39
128    83     37
140    88     37
177    105    38
130    83     37
154    94     36
167    103    39
122    79     38
158    96     35
158    97     38
114    75     42
127    83     37
98     68     41
85     64     46
100    69     39
151    93     40
142    89     39
81     62     42
121    80     44
131    83     39
91     65     40
90     65     41
127    81     40
111    75     38
85     62     44
94     66     41
125    79     38
160    97     40
102    70     42
104    72     44
132    84     41
114    77     38
82     60     42
120    78     40
123    80     38
91     65     42
87     65     44
112    75     38
154    95     41
120    79     40
80     61     43
131    85     43
125    81     39
82     61     41
102    70     42
130    84     39
101    70     40
86     64     44
99     68     39
138    88     39
138    89     41
81     63     41
120    80     43
129    83     40
103    71     39
88     64     42
127    81     40
115    76     38
87     64     44
91     66     43
125    81     39
160    98     39
109    73     40
87     64     44
129    83     42
115    77     37
79     60     42
112    74     42
127    82     37
91     66     41
87     65     45
105    70     38
150    94     41
135    85     40
97     93     87
73     61     49
41     46     50
57     69     77
89     87     82
81     81     74
78     78     73
41     46     51
62     72     77
87     79     69
57     55     49
75     83     84
90     80     69
50     49     46
45     58     69
89     89     86
71     69     63
88     88     79
54     58     58
49     60     67
95     93     89
72     62     50
62     69     68
95     88     80
64     55     45
37     46     54
69     78     82
73     71     65
79     81     78
57     63     65
38     48     54
76     80     82
81     71     58
56     60     57
55     63     65
63     54     44
42     46     48
57     68     78
89     86     83
57     55     50
58     62     63
39     46     51
62     71     77
96     89     81
63     56     47
73     79     77
92     81     71
55     51     45
39     51     61
77     81     83
71     70     64
86     87     80
56     58     56
43     53     60
93     91     88
72     63     50
58     66     66
93     92     87
72     62     51
38     47     53
71     80     85
81     79     72
79     78     71
71     72     67
133    138    137
65     75     77
91     101    107
127    134    137
109    124    129
122    133    134
125    134    137
115    119    122
134    140    140
120    128    127
112    117    119
141    146    146
99     103    105
74     84     89
124    130    134
116    130    133
103    114    120
132    141    143
119    124    128
128    134    136
140    144    145
107    113    113
131    136    137
119    124    124
61     72     76
105    113    116
126    134    137
100    112    119
131    138    140
106    118    124
107    115    119
139    143    144
105    114    114
93     107    112
122    127    131
70     77     80
74     89     95
116    127    131
104    118    123
94     105    112
113    121    125
100    109    115
135    140    143
132    138    137
106    113    114
137    142    143
119    127    126
79     92     96
116    121    126
117    129    132
94     109    115
132    141    143
97     109    115
120    125    128
139    144    144
106    114    114
128    133    136
140    145    145
92     104    104
105    112    116
128    136    139
94     109    116
118    128    132
110    121    128
106    122    126
58     75     85
94     101    108
120    133    137
107    126    130
142    147    148
112    128    133
113    125    128
127    133    136
85     104    110
109    118    122
128    137    140
83     100    109
78     88     96
129    138    139
101    122    127
136    142    145
130    138    142
109    123    127
128    133    134
96     112    116
87     102    108
124    131    134
98     114    120
51     68     78
115    122    124
112    129    133
123    136    139
129    141    142
92     112    118
131    138    139
132    140    143
84     106    112
95     117    122
130    139    142
106    120    125
76     97     104
93     114    119
63     82     88
70     77     81
106    120    125
110    124    127
128    136    137
87     105    111
98     111    116
126    134    137
89     109    116
58     75     83
119    130    132
85     103    109
56     66     70
106    115    118
103    121    127
122    129    131
97     113    118
89     104    111
129    134    136
112    128    132
69     88     96
108    118    122
103    121    126
52     68     76
85     91     94
106    122    127
101    116    121
87     97     103
100    108    113
92     110    117
65     86     94
109    121    127
114    130    134
76     93     102
71     84     93
82     91     99
57     69     79
93     112    118
94     108    113
94     102    108
100    115    121
66     86     94
83     101    107
122    134    136
90     107    113
66     81     89
83     94     100
70     78     88
70     85     95
99     113    120
85     94     102
105    114    121
82     101    109
69     89     95
75     96     103
65     82     89
107    119    124
91     109    114
83     95     101
76     96     102
105    116    119
124    133    137
51     66     76
42     56     65
15     22     26
3      2      3
39     48     50
36     49     55
42     54     61
25     36     46
15     21     28
46     59     67
40     54     63
19     27     36
52     67     75
33     44     51
2      1      2     
26     30     33
48     63     69
31     42     49
31     42     52
14     20     28
38     47     54
53     69     77
24     35     45
46     59     67
44     59     68
8      12     14
8      8      9
46     57     62
126    133    134
93     108    112
57     71     81
31     44     57
55     70     80
92     114    120
94     115    120
74     89     97
108    115    120
115    128    132
88     108    114
96     112    117
115    125    128
66     83     91
31     45     58
46     59     70
85     104    111
98     118    125
81     98     105
95     104    110
120    132    136
100    120    124
89     108    114
121    129    132
84     101    106
45     59     71
35     50     61
74     89     98
70     80     88
96     105    110
84     100    106
61     75     83
99     113    119
47     60     71
98     105    112
127    137    140
60     72     80
5      6      11
0      0      0
0      0      0
1      1      1
1      2      2
1      2      4
2      3      4
0      0      0
1      2      3
2      3      4
1      1      2
2      2      4
1      1      2
0      0      0
0      0      0
2      1      3
1      1      2
3      3      5
0      1      1
1      2      2
3      3      5
2      2      4
1      2      4
2      2      4
0      0      0
0      0      0
1      1      2
111    121    125
77     89     97
86     93     99
74     85     92
81     99     107
102    120    123
90     108    115
92     106    111
110    126    131
120    133    137
119    131    134
105    114    118
94     106    112
80     89     96
77     86     92
78     98     104
83     101    107
107    124    127
89     105    111
111    123    130
118    131    135
124    136    139
112    122    125
103    115    120
77     87     95
85     91     98
73     87     94
75     94     102
115    126    129
126    135    139
100    109    113
82     91     98
80     100    107
92     103    108
136    142    145
121    135    138
56     69     74
6      12     17
0      1      2
0      0      0
0      0      0
0      0      0
0      0      0
0      0      0
0      0      0
0      0      0
0      0      0
0      0      0
0      0      0
0      0      0
0      0      0
0      0      0
0      0      0
0      0      0
0      0      0
0      0      0
0      0      0
0      0      0
0      0      0
0      0      0
0      0      0
0      0      0
0      0      0
0      0      0
85     104    110
69     86     93
114    128    133
89     108    115
45     60     72
107    114    119
102    121    125
93     115    120
122    134    137
112    128    132
135    142    144
112    126    131
67     84     93
96     108    116
101    118    124
51     68     78
61     70     79
121    132    136
92     114    120
118    130    134
109    127    131
122    134    138
129    138    141
75     95     103
81     96     103
114    129    133
75     95     102
37     51     64
103    115    122
142    147    149
130    139    141
113    124    128
83     95     101
131    137    139
136    142    145
97     115    120
39     55     66
10     15     22
0      0      1
0      0      0
0      0      0
0      0      0
0      0      0
0      0      0
0      0      0
0      0      0
0      0      0
0      0      0
0      0      0
0      0      0
0      0      0
0      0      0
0      0      0
0      0      0
0      0      0
0      0      0
0      0      0
0      0      0
0      0      0
0      0      0
0      0      0
0      0      0
0      0      0
0      0      0
62     75     85
52     68     77
90     108    115
78     91     98
53     63     73
75     91     99
72     89     98
108    116    119
139    145    146
91     110    116
103    119    124
87     105    112
49     64     74
76     94     101
88     102    108
54     63     73
65     77     86
76     94     102
92     104    109
141    145    147
105    123    128
88     108    115
101    119    124
54     70     80
58     76     85
97     113    118
68     79     87
69     77     85
137    140    141
124    135    138
119    132    136
98     117    123
125    130    134
139    143    146
118    131    135
100    116    122
39     53     63
5      9      12
0      0      0
0      0      0
0      0      0
0      0      0
0      0      0
0      0      0
0      0      0
0      0      0
0      0      0
0      0      0
0      0      0
0      0      0
0      0      0
0      0      0
0      0      0
0      0      0
0      0      0
0      0      0
0      0      0
0      0      0
0      0      0
0      0      0
0      0      0
0      0      0
0      0      0
0      0      0
97     114    121
80     94     100
117    123    127
133    140    142
98     113    118
57     68     77
98     102    109
139    144    146
96     114    120
55     71     81
112    120    123
117    131    136
84     103    108
103    110    114
137    142    145
107    121    125
77     88     95
63     72     81
128    132    135
109    125    130
61     81     89
74     84     91
128    136    139
91     109    116
84     95     102
130    133    136
124    133    136
103    113    116
118    126    130
91     114    119
87     107    114
55     73     81
116    121    124
123    135    139
96     119    124
97     119    124
55     71     79
5      9      11
0      0      0
0      0      0
0      0      0
0      0      0
0      0      0
0      0      0
0      0      0
0      0      0
0      0      0
0      0      0
0      0      0
0      0      0
0      0      0
0      0      0
0      0      0
0      0      0
0      0      0
0      0      0
0      0      0
0      0      0
0      0      0
0      0      0
0      0      0
0      0      0
0      0      0
0      0      0
90     106    114
130    136    138
124    134    137
119    132    136
92     110    116
85     103    110
116    128    131
92     106    111
45     60     71
88     96     101
112    125    131
94     113    120
107    118    123
129    137    139
118    132    135
101    118    125
73     92     100
104    120    123
105    117    121
53     69     79
59     67     78
111    120    124
100    118    124
96     111    116
136    140    142
118    132    135
116    130    134
75     93     101
68     79     86
75     92     100
61     79     87
34     47     58
110    119    122
113    128    133
84     106    112
68     87     97
33     47     58
8      14     20
0      1      1
0      0      0
0      0      0
0      0      0
0      0      0
0      0      0
0      0      0
0      0      0
0      0      0
0      0      0
0      0      0
0      0      0
0      0      0
0      0      0
0      0      0
0      0      0
0      0      0
0      0      0
0      0      0
0      0      0
0      0      0
0      0      0
0      0      0
0      0      0
0      0      0
0      0      0
57     69     78
130    136    137
113    128    133
96     119    124
92     110    116
103    117    123
127    133    135
90     98     104
94     99     106
107    121    125
96     117    124
73     92     99
91     98     103
128    138    140
96     119    124
93     114    119
91     103    110
123    134    137
108    114    117
90     96     103
111    120    123
102    121    126
83     105    110
70     81     89
136    142    144
104    124    129
95     117    122
98     109    114
126    133    135
95     116    122
90     111    117
74     89     99
76     94     102
117    130    133
96     109    114
74     83     91
34     44     56
20     30     40
2      3      5
0      0      0
0      0      0
0      0      0
0      0      0
0      0      0
0      0      0
0      0      0
0      0      0
0      0      0
0      0      0
0      0      0
0      0      0
0      0      0
0      0      0
0      0      0
0      0      0
0      0      0
0      0      0
0      0      0
0      0      0
0      0      0
0      0      0
0      0      0
0      0      0
0      0      0
52     62     72
116    125    130
117    129    132
78     101    107
53     69     79
83     101    109
98     111    116
104    108    113
146    148    149
99     118    123
53     72     82
39     53     66
78     91     99
121    132    136
85     107    114
56     74     83
67     80     89
99     117    122
100    108    113
144    145    145
118    131    134
74     94     103
41     58     68
61     73     84
129    137    139
105    121    125
71     92     100
64     76     85
87     99     107
81     99     106
91     114    118
74     93     101
43     57     68
108    122    125
142    147    149
120    131    133
56     68     78
20     30     41
3      3      5
0      0      0
0      0      0
0      0      0
0      0      0
0      0      0
0      0      0
0      0      0
0      0      0
0      0      0
0      0      0
0      0      0
0      0      0
0      0      0
0      0      0
0      0      0
0      0      0
0      0      0
0      0      0
0      0      0
0      0      0
0      0      0
0      0      0
0      0      0
0      0      0
0      0      0
118    124    127
104    122    128
87     101    108
65     78     85
41     52     64
36     51     62
55     70     80
55     63     74
134    136    137
101    110    115
56     68     77
83     89     97
117    128    131
92     109    115
69     80     89
50     59     71
28     40     53
51     69     78
54     66     76
116    119    122
138    142    143
65     77     86
70     78     84
116    125    128
101    120    125
79     93     100
61     72     81
30     41     55
62     71     82
131    136    138
73     85     93
43     56     68
96     107    112
144    148    148
130    140    142
119    133    137
77     91     98
26     37     46
2      3      5
0      0      0
0      0      0
0      0      0
0      0      0
0      0      0
0      0      0
0      0      0
0      0      0
0      0      0
0      0      0
0      0      0
0      0      0
0      0      0
0      0      0
0      0      0
0      0      0
0      0      0
0      0      0
0      0      0
0      0      0
0      0      0
0      0      0
0      0      0
0      0      0
0      0      0
118    130    135
88     111    117
116    127    131
121    132    135
72     88     94
22     33     43
40     52     64
107    116    120
142    146    146
83     95     102
110    116    120
139    143    145
101    118    123
104    120    124
128    136    138
86     103    108
29     40     50
24     36     48
80     90     98
141    145    146
109    121    125
77     88     96
136    140    141
112    126    130
89     110    116
125    135    138
109    121    126
52     64     74
106    112    118
102    119    124
64     81     88
117    120    124
117    129    132
92     106    112
74     89     96
94     116    122
91     111    119
38     52     60
1      2      4
0      0      0
0      0      0
0      0      0
0      0      0
0      0      0
0      0      0
0      0      0
0      0      0
0      0      0
0      0      0
0      0      0
0      0      0
0      0      0
0      0      0
0      0      0
0      0      0
0      0      0
0      0      0
0      0      0
0      0      0
0      0      0
0      0      0
0      0      0
0      0      0
0      0      0
71     90     99
35     49     60
54     69     75
72     90     98
24     35     40
4      5      8
33     43     51
55     70     77
63     77     85
32     43     53
34     41     51
76     94     99
52     70     81
43     57     66
77     95     103
36     49     56
4      6      9
12     17     21
48     61     67
60     72     80
46     60     71
22     31     40
57     72     78
65     82     92
30     44     54
65     82     90
61     79     85
23     27     31
88     94     95
54     72     80
34     42     53
96     104    108
47     61     72
22     32     43
14     20     26
52     65     69
54     71     81
20     27     36
2      2      3
0      0      0
0      0      0
0      0      0
0      0      0
0      0      0
0      0      0
0      0      0
0      0      0
0      0      0
0      0      0
0      0      0
0      0      0
0      0      0
0      0      0
0      0      0
0      0      0
0      0      0
0      0      0
0      0      0
0      0      0
0      0      0
0      0      0
0      0      0
0      0      0
0      0      0
14     20     27
9      11     18
7      10     14
12     17     24
2      2      3
0      0      0
4      6      9
7      10     13
9      14     18
7      10     11
1      2      3
11     18     23
12     17     25
8      10     15
12     18     25
4      5      8
0      0      0
1      1      1
6      7      11
7      10     14
12     16     23
2      2      3
6      9      13
14     21     27
6      8      13
9      14     19
9      15     19
0      0      1
5      9      9
12     19     23
6      7      9
12     19     24
12     15     22
3      2      3
0      0      0
2      4      5
11     16     22
4      6      8
0      0      0
0      0      0
0      0      0
0      0      0
0      0      0
0      0      0
0      0      0
0      0      0
0      0      0
0      0      0
0      0      0
0      0      0
0      0      0
0      0      0
0      0      0
0      0      0
0      0      0
0      0      0
0      0      0
0      0      0
0      0      0
0      0      0
0      0      0
0      0      0
0      0      0
0      0      0
0      0      0
0      0      0
0      0      0
0      0      0
0      0      0
0      0      0
0      0      0
0      0      0
0      0      0
0      0      0
0      0      0
0      0      0
0      0      0
0      0      0
0      0      0
0      0      0
0      0      0
0      0      0
0      0      0
0      0      0
0      0      0
0      0      0
0      0      0
0      0      0
0      0      0
0      0      0
0      0      0
0      0      0
0      0      0
0      0      0
0      0      0
0      0      0
0      0      0
0      0      0
0      0      0
0      0      0
0      0      0
0      0      0
0      0      0
0      0      0
0      0      0
0      0      0
0      0      0
0      0      0
0      0      0
0      0      0
0      0      0
0      0      0
0      0      0
0      0      0
0      0      0
0      0      0
0      0      0
0      0      0
0      0      0
0      0      0
0      0      0
0      0      0
0      0      0
0      0      0
0      0      0
0      0      0
0      0      0
0      0      0
