0      0      0     
0      0      0     
0      0      0     
0      0      0     
0      0      0     
0      0      0     
0      0      0     
0      0      0     
0      0      0     
0      0      0     
0      0      0     
0      0      0     
0      0      0     
0      0      0     
0      0      0     
0      0      0     
0      0      0     
0      0      0     
0      0      0     
0      0      0     
0      0      0     
0      0      0     
0      0      0     
0      0      0     
0      0      0     
0      0      0     
0      0      0     
0      0      0     
0      0      0     
0      0      0     
0      0      0     
0      0      0     
0      0      0     
0      0      0     
0      0      0     
0      0      0     
0      0      0     
7      6      5     
82     57     34    
145    87     30    
154    92     31    
196    117    41    
67     39     15    
0      0      0     
0      0      0     
0      0      0     
0      0      0     
0      0      0     
0      0      0     
0      0      0     
0      0      0     
0      0      0     
0      0      0     
0      0      0     
0      0      0     
0      0      0     
0      0      0     
0      0      0     
0      0      0     
0      0      0     
0      0      0     
0      0      0     
0      0      0     
0      0      0     
0      0      0     
0      0      0     
0      0      0     
0      0      0     
0      0      0     
0      0      0     
0      0      0     
0      0      0     
0      0      0     
0      0      0     
0      0      0     
0      0      0     
0      0      0     
0      0      0     
0      0      0     
0      0      0     
0      0      0     
0      0      0     
0      0      0     
0      0      0     
0      0      0     
0      0      0     
0      0      0     
0      0      0     
0      0      0     
0      0      0     
0      0      0     
0      0      0     
0      0      0     
0      0      0     
0      0      0     
0      0      0     
0      0      0     
0      0      0     
0      0      0     
0      0      0     
0      0      0     
7      6      5     
81     57     33    
149    90     31    
150    87     30    
193    114    39    
67     39     14    
0      0      0     
0      0      0     
0      0      0     
0      0      0     
0      0      0     
0      0      0     
0      0      0     
0      0      0     
0      0      0     
0      0      0     
0      0      0     
0      0      0     
0      0      0     
0      0      0     
0      0      0     
0      0      0     
0      0      0     
0      0      0     
0      0      0     
0      0      0     
0      0      0     
0      0      0     
0      0      0     
0      0      0     
0      0      0     
0      0      0     
0      0      0     
0      0      0     
0      0      0     
0      0      0     
0      0      0     
0      0      0     
0      0      0     
0      0      0     
0      0      0     
0      0      0     
0      0      0     
0      0      0     
0      0      0     
0      0      0     
0      0      0     
0      0      0     
0      0      0     
0      0      0     
0      0      0     
0      0      0     
0      0      0     
0      0      0     
0      0      0     
0      0      0     
0      0      0     
0      0      0     
0      0      0     
0      0      0     
0      0      0     
0      0      0     
0      0      0     
0      0      0     
6      7      4     
81     57     33    
145    85     30    
156    93     32    
204    121    41    
66     39     12    
0      0      0     
0      0      0     
0      0      0     
0      0      0     
0      0      0     
0      0      0     
0      0      0     
0      0      0     
0      0      0     
0      0      0     
0      0      0     
0      0      0     
0      0      0     
0      0      0     
0      0      0     
0      0      0     
0      0      0     
0      0      0     
0      0      0     
0      0      0     
0      0      0     
0      0      0     
0      0      0     
0      0      0     
0      0      0     
0      0      0     
0      0      0     
0      0      0     
0      0      0     
0      0      0     
0      0      0     
0      0      0     
0      0      0     
0      0      0     
0      0      0     
0      0      0     
0      0      0     
0      0      0     
0      0      0     
0      0      0     
0      0      0     
0      0      0     
0      0      0     
0      0      0     
0      0      0     
0      0      0     
0      0      0     
0      0      0     
0      0      0     
0      0      0     
0      0      0     
0      0      0     
0      0      0     
0      0      0     
0      0      0     
0      0      0     
0      0      0     
0      0      0     
7      6      5     
82     57     33    
146    86     30    
177    106    36    
198    119    39    
67     38     13    
0      0      0     
0      0      0     
0      0      0     
0      0      0     
0      0      0     
0      0      0     
0      0      0     
0      0      0     
0      0      0     
0      0      0     
0      0      0     
0      0      0     
0      0      0     
0      0      0     
0      0      0     
0      0      0     
0      0      0     
0      0      0     
0      0      0     
0      0      0     
0      0      0     
0      0      0     
0      0      0     
0      0      0     
0      0      0     
0      0      0     
0      0      0     
0      0      0     
0      0      0     
0      0      0     
0      0      0     
0      0      0     
0      0      0     
0      0      0     
0      0      0     
0      0      0     
0      0      0     
0      0      0     
0      0      0     
0      0      0     
0      0      0     
0      0      0     
0      0      0     
0      0      0     
0      0      0     
0      0      0     
0      0      0     
0      0      0     
0      0      0     
0      0      0     
0      0      0     
0      0      0     
0      0      0     
0      0      0     
0      0      0     
0      0      0     
0      0      0     
0      0      0     
7      6      4     
81     57     33    
144    86     30    
182    108    37    
201    118    41    
66     38     13    
0      0      0     
0      0      0     
0      0      0     
0      0      0     
0      0      0     
0      0      0     
0      0      0     
0      0      0     
0      0      0     
0      0      0     
0      0      0     
0      0      0     
0      0      0     
0      0      0     
0      0      0     
0      0      0     
0      0      0     
0      0      0     
0      0      0     
0      0      0     
0      0      0     
0      0      0     
0      0      0     
0      0      0     
0      0      0     
0      0      0     
0      0      0     
0      0      0     
0      0      0     
0      0      0     
0      0      0     
0      0      0     
0      0      0     
0      0      0     
0      0      0     
0      0      0     
0      0      0     
0      0      0     
0      0      0     
0      0      0     
0      0      0     
0      0      0     
0      0      0     
0      0      0     
0      0      0     
0      0      0     
0      0      0     
0      0      0     
0      0      0     
0      0      0     
0      0      0     
0      0      0     
0      0      0     
0      0      0     
0      0      0     
0      0      0     
0      0      0     
0      0      0     
6      6      4     
81     57     33    
147    89     30    
169    102    34    
206    121    42    
66     38     12    
0      0      0     
0      0      0     
0      0      0     
0      0      0     
0      0      0     
0      0      0     
0      0      0     
0      0      0     
0      0      0     
0      0      0     
0      0      0     
0      0      0     
0      0      0     
0      0      0     
0      0      0     
0      0      0     
0      0      0     
0      0      0     
0      0      0     
0      0      0     
0      0      0     
0      0      0     
0      0      0     
0      0      0     
0      0      0     
0      0      0     
0      0      0     
0      0      0     
0      0      0     
0      0      0     
0      0      0     
0      0      0     
0      0      0     
0      0      0     
0      0      0     
0      0      0     
0      0      0     
0      0      0     
0      0      0     
0      0      0     
0      0      0     
0      0      0     
0      0      0     
0      0      0     
0      0      0     
0      0      0     
0      0      0     
0      0      0     
0      0      0     
0      0      0     
0      0      0     
0      0      0     
0      0      0     
0      0      0     
0      0      0     
0      0      0     
0      0      0     
0      0      0     
7      6      4     
83     58     34    
143    84     29    
150    89     30    
203    120    41    
66     38     12    
0      0      0     
0      0      0     
0      0      0     
0      0      0     
0      0      0     
0      0      0     
0      0      0     
0      0      0     
0      0      0     
0      0      0     
0      0      0     
0      0      0     
0      0      0     
0      0      0     
0      0      0     
0      0      0     
0      0      0     
0      0      0     
0      0      0     
0      0      0     
0      0      0     
0      0      0     
0      0      0     
0      0      0     
0      0      0     
0      0      0     
0      0      0     
0      0      0     
0      0      0     
0      0      0     
0      0      0     
0      0      0     
0      0      0     
0      0      0     
0      0      0     
0      0      0     
0      0      0     
0      0      0     
0      0      0     
0      0      0     
0      0      0     
0      0      0     
0      0      0     
0      0      0     
0      0      0     
0      0      0     
0      0      0     
0      0      0     
0      0      0     
0      0      0     
0      0      0     
0      0      0     
0      0      0     
0      0      0     
0      0      0     
0      0      0     
0      0      0     
0      0      0     
6      6      4     
85     59     33    
145    86     29    
169    101    35    
209    124    42    
66     38     12    
0      0      0     
0      0      0     
0      0      0     
0      0      0     
0      0      0     
0      0      0     
0      0      0     
0      0      0     
0      0      0     
0      0      0     
0      0      0     
0      0      0     
0      0      0     
0      0      0     
0      0      0     
0      0      0     
0      0      0     
0      0      0     
0      0      0     
0      0      0     
0      0      0     
0      0      0     
0      0      0     
0      0      0     
0      0      0     
0      0      0     
0      0      0     
0      0      0     
0      0      0     
0      0      0     
0      0      0     
0      0      0     
0      0      0     
0      0      0     
0      0      0     
0      0      0     
0      0      0     
0      0      0     
0      0      0     
0      0      0     
0      0      0     
0      0      0     
0      0      0     
0      0      0     
0      0      0     
0      0      0     
0      0      0     
0      0      0     
0      0      0     
0      0      0     
0      0      0     
0      0      0     
0      0      0     
0      0      0     
0      0      0     
0      0      0     
0      0      0     
0      0      0     
7      5      4     
82     56     32    
144    88     30    
166    98     33    
205    120    41    
66     37     12    
0      0      0     
0      0      0     
0      0      0     
0      0      0     
0      0      0     
0      0      0     
0      0      0     
0      0      0     
0      0      0     
0      0      0     
0      0      0     
0      0      0     
0      0      0     
0      0      0     
0      0      0     
0      0      0     
0      0      0     
0      0      0     
0      0      0     
0      0      0     
0      0      0     
0      0      0     
0      0      0     
0      0      0     
0      0      0     
0      0      0     
0      0      0     
0      0      0     
0      0      0     
0      0      0     
0      0      0     
0      0      0     
0      0      0     
0      0      0     
0      0      0     
0      0      0     
0      0      0     
0      0      0     
0      0      0     
0      0      0     
0      0      0     
0      0      0     
0      0      0     
0      0      0     
0      0      0     
0      0      0     
0      0      0     
0      0      0     
0      0      0     
0      0      0     
0      0      0     
0      0      0     
0      0      0     
0      0      0     
0      0      0     
0      0      0     
0      0      0     
0      0      0     
7      6      5     
81     57     33    
155    92     32    
173    104    35    
195    116    41    
67     38     13    
0      0      0     
0      0      0     
0      0      0     
0      0      0     
0      0      0     
0      0      0     
0      0      0     
0      0      0     
0      0      0     
0      0      0     
0      0      0     
0      0      0     
0      0      0     
0      0      0     
0      0      0     
0      0      0     
0      0      0     
0      0      0     
0      0      0     
0      0      0     
0      0      0     
0      0      0     
0      0      0     
0      0      0     
0      0      0     
0      0      0     
0      0      0     
0      0      0     
0      0      0     
0      0      0     
0      0      0     
0      0      0     
0      0      0     
0      0      0     
0      0      0     
0      0      0     
0      0      0     
0      0      0     
0      0      0     
0      0      0     
0      0      0     
0      0      0     
0      0      0     
0      0      0     
0      0      0     
0      0      0     
0      0      0     
0      0      0     
0      0      0     
0      0      0     
0      0      0     
0      0      0     
0      0      0     
0      0      0     
0      0      0     
0      0      0     
0      0      0     
0      0      0     
6      6      5     
81     57     33    
146    87     30    
172    103    35    
205    120    41    
66     38     13    
0      0      0     
0      0      0     
0      0      0     
0      0      0     
0      0      0     
0      0      0     
0      0      0     
0      0      0     
0      0      0     
0      0      0     
0      0      0     
0      0      0     
0      0      0     
0      0      0     
0      0      0     
0      0      0     
0      0      0     
0      0      0     
0      0      0     
0      0      0     
0      0      0     
0      0      0     
0      0      0     
0      0      0     
0      0      0     
0      0      0     
0      0      0     
0      0      0     
0      0      0     
0      0      0     
0      0      0     
0      0      0     
0      0      0     
0      0      0     
0      0      0     
0      0      0     
0      0      0     
0      0      0     
0      0      0     
0      0      0     
0      0      0     
0      0      0     
0      0      0     
0      0      0     
0      0      0     
0      0      0     
0      0      0     
0      0      0     
0      0      0     
0      0      0     
0      0      0     
0      0      0     
0      0      0     
0      0      0     
0      0      0     
0      0      0     
0      0      0     
0      0      0     
6      6      5     
81     57     32    
141    83     29    
158    95     32    
202    120    40    
66     37     13    
0      0      0     
0      0      0     
0      0      0     
0      0      0     
0      0      0     
0      0      0     
0      0      0     
0      0      0     
0      0      0     
0      0      0     
0      0      0     
0      0      0     
0      0      0     
0      0      0     
0      0      0     
0      0      0     
0      0      0     
0      0      0     
0      0      0     
0      0      0     
0      0      0     
0      0      0     
0      0      0     
0      0      0     
0      0      0     
0      0      0     
0      0      0     
0      0      0     
0      0      0     
0      0      0     
0      0      0     
0      0      0     
0      0      0     
0      0      0     
0      0      0     
0      0      0     
0      0      0     
0      0      0     
0      0      0     
0      0      0     
0      0      0     
0      0      0     
0      0      0     
0      0      0     
0      0      0     
0      0      0     
0      0      0     
0      0      0     
0      0      0     
0      0      0     
0      0      0     
0      0      0     
0      0      0     
0      0      0     
0      0      0     
0      0      0     
0      0      0     
0      0      0     
7      6      4     
82     56     33    
148    90     31    
148    87     30    
188    112    37    
67     38     13    
0      0      0     
0      0      0     
0      0      0     
0      0      0     
0      0      0     
0      0      0     
0      0      0     
0      0      0     
0      0      0     
0      0      0     
0      0      0     
0      0      0     
0      0      0     
0      0      0     
0      0      0     
0      0      0     
0      0      0     
0      0      0     
0      0      0     
0      0      0     
0      0      0     
0      0      0     
0      0      0     
0      0      0     
0      0      0     
0      0      0     
0      0      0     
0      0      0     
0      0      0     
0      0      0     
0      0      0     
0      0      0     
0      0      0     
0      0      0     
0      0      0     
0      0      0     
0      0      0     
0      0      0     
0      0      0     
0      0      0     
0      0      0     
0      0      0     
0      0      0     
0      0      0     
0      0      0     
0      0      0     
0      0      0     
0      0      0     
0      0      0     
0      0      0     
0      0      0     
0      0      0     
0      0      0     
0      0      0     
0      0      0     
0      0      0     
0      0      0     
0      0      0     
7      7      4     
81     58     33    
149    88     30    
152    91     31    
200    117    41    
66     38     13    
0      0      0     
0      0      0     
0      0      0     
0      0      0     
0      0      0     
0      0      0     
0      0      0     
0      0      0     
0      0      0     
0      0      0     
0      0      0     
0      0      0     
0      0      0     
0      0      0     
0      0      0     
0      0      0     
0      0      0     
0      0      0     
0      0      0     
0      0      0     
0      0      0     
0      0      0     
0      0      0     
0      0      0     
0      0      0     
0      0      0     
0      0      0     
0      0      0     
0      0      0     
0      0      0     
0      0      0     
0      0      0     
0      0      0     
0      0      0     
0      0      0     
0      0      0     
0      0      0     
0      0      0     
0      0      0     
0      0      0     
0      0      0     
0      0      0     
0      0      0     
0      0      0     
0      0      0     
0      0      0     
0      0      0     
0      0      0     
0      0      0     
0      0      0     
0      0      0     
0      0      0     
0      0      0     
0      0      0     
0      0      0     
0      0      0     
0      0      0     
0      0      0     
7      6      4     
80     56     33    
144    85     29    
166    99     34    
203    119    42    
66     38     13    
0      0      0     
0      0      0     
0      0      0     
0      0      0     
0      0      0     
0      0      0     
0      0      0     
0      0      0     
0      0      0     
0      0      0     
0      0      0     
0      0      0     
0      0      0     
0      0      0     
0      0      0     
0      0      0     
0      0      0     
0      0      0     
0      0      0     
0      0      0     
0      0      0     
0      0      0     
0      0      0     
0      0      0     
0      0      0     
0      0      0     
0      0      0     
0      0      0     
0      0      0     
0      0      0     
0      0      0     
0      0      0     
0      0      0     
0      0      0     
0      0      0     
0      0      0     
0      0      0     
0      0      0     
0      0      0     
0      0      0     
38     38     35    
77     77     74    
76     76     73    
38     38     36    
0      0      0     
0      0      0     
0      0      0     
0      0      0     
0      0      0     
0      0      0     
0      0      0     
0      0      0     
0      0      0     
0      0      0     
0      0      0     
0      0      0     
0      0      0     
0      0      0     
7      6      4     
81     57     33    
145    86     29    
180    108    37    
199    118    40    
66     38     13    
0      0      0     
0      0      0     
0      0      0     
0      0      0     
0      0      0     
0      0      0     
0      0      0     
0      0      0     
0      0      0     
0      0      0     
0      0      0     
0      0      0     
0      0      0     
0      0      0     
0      0      0     
0      0      0     
0      0      0     
0      0      0     
0      0      0     
0      0      0     
0      0      0     
0      0      0     
0      0      0     
0      0      0     
0      0      0     
0      0      0     
0      0      0     
0      0      0     
0      0      0     
0      0      0     
0      0      0     
0      0      0     
0      0      0     
0      0      0     
0      0      0     
0      0      0     
0      0      0     
0      0      0     
1      0      0     
48     30     36    
112    118    123   
139    132    132   
142    142    143   
132    132    129   
36     36     34    
0      0      0     
0      0      0     
0      0      0     
0      0      0     
0      0      0     
0      0      0     
0      0      0     
0      0      0     
0      0      0     
0      0      0     
0      0      0     
0      0      0     
0      0      0     
6      6      4     
82     57     33    
148    89     31    
175    107    35    
207    121    42    
66     38     13    
0      0      0     
0      0      0     
0      0      0     
0      0      0     
0      0      0     
0      0      0     
0      0      0     
0      0      0     
0      0      0     
0      0      0     
0      0      0     
0      0      0     
0      0      0     
0      0      0     
0      0      0     
0      0      0     
0      0      0     
0      0      0     
0      0      0     
0      0      0     
0      0      0     
0      0      0     
0      0      0     
0      0      0     
0      0      0     
0      0      0     
0      0      0     
0      0      0     
0      0      0     
0      0      0     
0      0      0     
0      0      0     
0      0      0     
0      0      0     
0      0      0     
0      0      0     
0      0      0     
0      0      0     
24     16     5     
133    124    116   
163    183    191   
131    116    133   
145    159    172   
196    198    199   
74     74     74    
0      0      0     
0      0      0     
0      0      0     
0      0      0     
0      0      0     
0      0      0     
0      0      0     
0      0      0     
0      0      0     
0      0      0     
0      0      0     
0      0      0     
0      0      0     
6      6      4     
81     57     33    
143    85     30    
151    88     31    
203    120    41    
66     38     13    
0      0      0     
0      0      0     
0      0      0     
0      0      0     
0      0      0     
0      0      0     
0      0      0     
0      0      0     
0      0      0     
0      0      0     
0      0      0     
0      0      0     
0      0      0     
0      0      0     
0      0      0     
0      0      0     
0      0      0     
0      0      0     
0      0      0     
0      0      0     
0      0      0     
0      0      0     
0      0      0     
0      0      0     
0      0      0     
0      0      0     
0      0      0     
0      0      0     
0      0      0     
0      0      0     
0      0      0     
0      0      0     
0      0      0     
0      0      0     
0      0      0     
0      0      0     
0      0      0     
19     11     3     
131    79     25    
201    120    43    
185    141    93    
174    185    183   
190    205    212   
228    230    229   
72     72     70    
0      0      0     
0      0      0     
0      0      0     
0      0      0     
0      0      0     
0      0      0     
0      0      0     
0      0      0     
0      0      0     
0      0      0     
0      0      0     
0      0      0     
0      0      0     
7      6      4     
85     60     34    
144    86     30    
157    94     33    
206    121    41    
66     37     13    
0      0      0     
0      0      0     
0      0      0     
0      0      0     
0      0      0     
0      0      0     
0      0      0     
0      0      0     
0      0      0     
0      0      0     
0      0      0     
0      0      0     
0      0      0     
0      0      0     
0      0      0     
0      0      0     
0      0      0     
0      0      0     
0      0      0     
0      0      0     
0      0      0     
0      0      0     
0      0      0     
0      0      0     
0      0      0     
0      0      0     
0      0      0     
0      0      0     
0      0      0     
0      0      0     
0      0      0     
0      0      0     
0      0      0     
0      0      0     
0      0      0     
0      0      0     
0      0      0     
11     7      3     
104    64     21    
198    117    40    
210    123    39    
191    145    97    
228    225    221   
149    149    149   
18     18     18    
0      0      0     
0      0      0     
0      0      0     
0      0      0     
0      0      0     
0      0      0     
0      0      0     
0      0      0     
0      0      0     
0      0      0     
0      0      0     
0      0      0     
0      0      0     
7      6      4     
82     57     32    
146    87     30    
165    98     34    
205    122    41    
66     38     13    
0      0      0     
0      0      0     
0      0      0     
0      0      0     
0      0      0     
0      0      0     
0      0      0     
0      0      0     
0      0      0     
0      0      0     
0      0      0     
0      0      0     
0      0      0     
0      0      0     
0      0      0     
0      0      0     
0      0      0     
0      0      0     
0      0      0     
0      0      0     
0      0      0     
0      0      0     
0      0      0     
0      0      0     
0      0      0     
0      0      0     
0      0      0     
0      0      0     
0      0      0     
0      0      0     
0      0      0     
0      0      0     
0      0      0     
0      0      0     
0      0      0     
0      0      0     
0      0      0     
0      0      0     
7      5      1     
41     26     12    
169    125    80    
228    207    188   
147    144    144   
18     18     17    
0      0      0     
0      0      0     
0      0      0     
0      0      0     
0      0      0     
0      0      0     
0      0      0     
0      0      0     
0      0      0     
0      0      0     
0      0      0     
0      0      0     
0      0      0     
0      0      0     
7      6      5     
81     57     33    
153    92     32    
172    102    35    
196    116    39    
67     38     13    
0      0      0     
0      0      0     
0      0      0     
0      0      0     
0      0      0     
0      0      0     
0      0      0     
0      0      0     
0      0      0     
0      0      0     
0      0      0     
0      0      0     
0      0      0     
0      0      0     
0      0      0     
0      0      0     
0      0      0     
0      0      0     
0      0      0     
0      0      0     
0      0      0     
0      0      0     
0      0      0     
0      0      0     
0      0      0     
0      0      0     
0      0      0     
0      0      0     
0      0      0     
0      0      0     
0      0      0     
0      0      0     
0      0      0     
0      0      0     
0      0      0     
0      0      0     
0      0      0     
0      0      0     
0      0      0     
30     29     30    
200    198    197   
231    229    231   
51     49     50    
0      0      0     
0      0      0     
0      0      0     
0      0      0     
0      0      0     
0      0      0     
0      0      0     
0      0      0     
0      0      0     
0      0      0     
0      0      0     
0      0      0     
0      0      0     
0      0      0     
0      0      0     
7      6      5     
81     57     33    
157    93     32    
170    100    34    
196    116    39    
66     38     13    
0      0      0     
0      0      0     
0      0      0     
0      0      0     
0      0      0     
0      0      0     
0      0      0     
0      0      0     
0      0      0     
0      0      0     
0      0      0     
0      0      0     
0      0      0     
0      0      0     
0      0      0     
0      0      0     
0      0      0     
0      0      0     
0      0      0     
0      0      0     
0      0      0     
0      0      0     
0      0      0     
0      0      0     
0      0      0     
0      0      0     
0      0      0     
0      0      0     
0      0      0     
0      0      0     
0      0      0     
0      0      0     
0      0      0     
0      0      0     
0      0      0     
0      0      0     
0      0      0     
0      0      0     
26     25     25    
148    147    147   
244    243    244   
255    253    252   
187    184    184   
41     39     39    
0      0      0     
0      0      0     
0      0      0     
0      0      0     
0      0      0     
0      0      0     
0      0      0     
0      0      0     
0      0      0     
0      0      0     
0      0      0     
0      0      0     
0      0      0     
0      0      0     
7      6      5     
81     56     33    
141    83     28    
167    102    34    
207    122    41    
65     38     13    
0      0      0     
0      0      0     
0      0      0     
0      0      0     
0      0      0     
0      0      0     
0      0      0     
0      0      0     
0      0      0     
0      0      0     
0      0      0     
0      0      0     
0      0      0     
0      0      0     
0      0      0     
0      0      0     
0      0      0     
0      0      0     
0      0      0     
0      0      0     
0      0      0     
0      0      0     
0      0      0     
0      0      0     
0      0      0     
0      0      0     
0      0      0     
0      0      0     
0      0      0     
0      0      0     
0      0      0     
0      0      0     
0      0      0     
0      0      0     
0      0      0     
0      0      0     
0      0      0     
0      0      0     
86     85     86    
234    233    233   
255    255    255   
255    255    255   
217    215    216   
125    123    123   
36     34     34    
0      0      0     
0      0      0     
0      0      0     
0      0      0     
0      0      0     
0      0      0     
0      0      0     
0      0      0     
0      0      0     
0      0      0     
0      0      0     
0      0      0     
0      0      0     
6      6      5     
81     56     32    
145    88     31    
151    90     30    
194    114    38    
66     38     13    
0      0      0     
0      0      0     
0      0      0     
0      0      0     
0      0      0     
0      0      0     
0      0      0     
0      0      0     
0      0      0     
0      0      0     
0      0      0     
0      0      0     
0      0      0     
0      0      0     
0      0      0     
0      0      0     
0      0      0     
0      0      0     
0      0      0     
0      0      0     
0      0      0     
0      0      0     
0      0      0     
0      0      0     
0      0      0     
0      0      0     
0      0      0     
0      0      0     
0      0      0     
0      0      0     
0      0      0     
0      0      0     
0      0      0     
0      0      0     
0      0      0     
0      0      0     
16     16     16    
70     68     68    
92     91     90    
234    233    234   
255    254    254   
255    255    255   
177    176    176   
128    128    128   
88     88     88    
0      0      0     
0      0      0     
0      0      0     
0      0      0     
0      0      0     
0      0      0     
0      0      0     
0      0      0     
0      0      0     
0      0      0     
0      0      0     
0      0      0     
0      0      0     
7      5      4     
81     55     33    
149    89     31    
151    90     30    
196    114    40    
66     38     12    
0      0      0     
0      0      0     
0      0      0     
0      0      0     
0      0      0     
0      0      0     
0      0      0     
0      0      0     
0      0      0     
0      0      0     
0      0      0     
0      0      0     
0      0      0     
0      0      0     
0      0      0     
0      0      0     
0      0      0     
0      0      0     
0      0      0     
0      0      0     
0      0      0     
0      0      0     
0      0      0     
0      0      0     
0      0      0     
0      0      0     
0      0      0     
0      0      0     
0      0      0     
0      0      0     
0      0      0     
0      0      0     
0      0      0     
0      0      0     
0      0      0     
0      0      0     
23     23     23    
101    101    101   
91     92     92    
231    231    231   
254    255    255   
255    255    255   
197    197    197   
131    132    132   
146    145    145   
5      4      4     
0      0      0     
0      0      0     
0      0      0     
0      0      0     
0      0      0     
0      0      0     
0      0      0     
0      0      0     
0      0      0     
0      0      0     
0      0      0     
0      0      0     
7      6      4     
82     56     32    
145    84     29    
159    96     32    
204    120    42    
66     37     13    
0      0      0     
0      0      0     
0      0      0     
0      0      0     
0      0      0     
0      0      0     
0      0      0     
0      0      0     
0      0      0     
0      0      0     
0      0      0     
0      0      0     
0      0      0     
0      0      0     
0      0      0     
0      0      0     
0      0      0     
0      0      0     
0      0      0     
0      0      0     
0      0      0     
0      0      0     
0      0      0     
0      0      0     
0      0      0     
0      0      0     
0      0      0     
0      0      0     
0      0      0     
0      0      0     
0      0      0     
0      0      0     
0      0      0     
0      0      0     
0      0      0     
0      0      0     
6      6      6     
29     29     29    
29     29     28    
160    161    161   
243    244    244   
237    238    239   
151    152    153   
40     40     39    
33     31     31    
3      2      2     
0      0      0     
0      0      0     
0      0      0     
0      0      0     
0      0      0     
0      0      0     
0      0      0     
0      0      0     
0      0      0     
0      0      0     
0      0      0     
0      0      0     
6      6      4     
80     57     32    
146    87     30    
179    107    37    
197    117    40    
67     39     12    
0      0      0     
0      0      0     
0      0      0     
0      0      0     
0      0      0     
0      0      0     
0      0      0     
0      0      0     
0      0      0     
0      0      0     
0      0      0     
0      0      0     
0      0      0     
0      0      0     
0      0      0     
0      0      0     
0      0      0     
0      0      0     
0      0      0     
0      0      0     
0      0      0     
0      0      0     
0      0      0     
0      0      0     
0      0      0     
0      0      0     
0      0      0     
0      0      0     
0      0      0     
0      0      0     
0      0      0     
0      0      0     
0      0      0     
0      0      0     
0      0      0     
0      0      0     
0      0      0     
0      0      0     
4      4      3     
132    127    105   
148    146    141   
164    159    137   
35     34     30    
0      0      0     
0      0      0     
0      0      0     
0      0      0     
0      0      0     
0      0      0     
0      0      0     
0      0      0     
0      0      0     
0      0      0     
0      0      0     
0      0      0     
0      0      0     
0      0      0     
0      0      0     
7      6      5     
82     56     32    
145    88     30    
183    110    36    
203    120    42    
66     37     13    
0      0      0     
0      0      0     
0      0      0     
0      0      0     
0      0      0     
0      0      0     
0      0      0     
0      0      0     
0      0      0     
0      0      0     
0      0      0     
0      0      0     
0      0      0     
0      0      0     
0      0      0     
0      0      0     
0      0      0     
0      0      0     
0      0      0     
0      0      0     
0      0      0     
0      0      0     
0      0      0     
0      0      0     
0      0      0     
0      0      0     
0      0      0     
0      0      0     
0      0      0     
0      0      0     
0      0      0     
0      0      0     
0      0      0     
0      0      0     
0      0      0     
0      0      0     
0      0      0     
0      0      0     
6      6      2     
145    130    53    
39     35     15    
86     77     33    
85     75     28    
4      4      1     
0      0      0     
0      0      0     
0      0      0     
0      0      0     
0      0      0     
0      0      0     
0      0      0     
0      0      0     
0      0      0     
0      0      0     
0      0      0     
0      0      0     
0      0      0     
0      0      0     
6      6      4     
80     56     32    
147    86     30    
161    96     33    
204    121    41    
66     38     13    
0      0      0     
0      0      0     
0      0      0     
0      0      0     
0      0      0     
0      0      0     
0      0      0     
0      0      0     
0      0      0     
0      0      0     
0      0      0     
0      0      0     
0      0      0     
0      0      0     
0      0      0     
0      0      0     
0      0      0     
0      0      0     
0      0      0     
0      0      0     
0      0      0     
0      0      0     
0      0      0     
0      0      0     
0      0      0     
0      0      0     
0      0      0     
0      0      0     
0      0      0     
0      0      0     
0      0      0     
0      0      0     
0      0      0     
0      0      0     
0      0      0     
0      0      0     
0      0      0     
0      0      0     
5      3      1     
162    115    43    
97     81     31    
3      4      1     
94     82     32    
97     84     32    
6      6      2     
0      0      0     
0      0      0     
0      0      0     
0      0      0     
0      0      0     
0      0      0     
0      0      0     
0      0      0     
0      0      0     
0      0      0     
0      0      0     
0      0      0     
0      0      0     
6      5      4     
84     59     33    
144    84     30    
152    92     31    
204    120    41    
66     37     13    
0      0      0     
0      0      0     
0      0      0     
0      0      0     
0      0      0     
0      0      0     
0      0      0     
0      0      0     
0      0      0     
0      0      0     
0      0      0     
0      0      0     
0      0      0     
0      0      0     
0      0      0     
0      0      0     
0      0      0     
0      0      0     
0      0      0     
0      0      0     
0      0      0     
0      0      0     
0      0      0     
0      0      0     
0      0      0     
0      0      0     
0      0      0     
0      0      0     
0      0      0     
0      0      0     
0      0      0     
0      0      0     
0      0      0     
0      0      0     
0      0      0     
0      0      0     
0      0      0     
0      0      0     
4      2      0     
165    103    36    
121    93     35    
0      0      0     
66     41     14    
210    149    56    
57     46     17    
0      0      0     
0      0      0     
0      0      0     
0      0      0     
0      0      0     
0      0      0     
0      0      0     
0      0      0     
0      0      0     
0      0      0     
0      0      0     
0      0      0     
0      0      0     
6      6      5     
84     59     32    
145    85     30    
171    102    36    
209    123    41    
66     37     13    
0      0      0     
0      0      0     
0      0      0     
0      0      0     
0      0      0     
0      0      0     
0      0      0     
0      0      0     
0      0      0     
0      0      0     
0      0      0     
0      0      0     
0      0      0     
0      0      0     
0      0      0     
0      0      0     
0      0      0     
0      0      0     
0      0      0     
0      0      0     
0      0      0     
0      0      0     
0      0      0     
0      0      0     
0      0      0     
0      0      0     
0      0      0     
0      0      0     
0      0      0     
0      0      0     
0      0      0     
0      0      0     
0      0      0     
0      0      0     
0      0      0     
0      0      0     
0      0      0     
0      0      0     
1      1      0     
48     28     8     
35     19     7     
0      0      0     
18     11     4     
64     38     15    
19     12     5     
0      0      0     
0      0      0     
0      0      0     
0      0      0     
0      0      0     
0      0      0     
0      0      0     
0      0      0     
0      0      0     
0      0      0     
0      0      0     
0      0      0     
0      0      0     
6      6      5     
80     56     32    
147    89     31    
164    100    33    
201    120    41    
66     39     13    
0      0      0     
0      0      0     
0      0      0     
0      0      0     
0      0      0     
0      0      0     
0      0      0     
0      0      0     
0      0      0     
0      0      0     
0      0      0     
0      0      0     
0      0      0     
0      0      0     
0      0      0     
0      0      0     
0      0      0     
0      0      0     
0      0      0     
0      0      0     
0      0      0     
23     13     4     
3      1      0     
12     7      2     
26     15     4     
26     14     4     
26     14     4     
26     15     4     
26     16     4     
26     15     4     
26     14     4     
26     15     4     
18     10     3     
1      0      0     
0      0      0     
0      0      0     
0      0      0     
0      0      0     
0      0      0     
0      0      0     
0      0      0     
0      0      0     
0      0      0     
0      0      0     
0      0      0     
0      0      0     
0      0      0     
0      0      0     
0      0      0     
0      0      0     
0      0      0     
0      0      0     
0      0      0     
0      0      0     
0      0      0     
0      0      0     
0      0      0     
0      0      0     
6      6      4     
80     55     33    
157    91     32    
174    102    36    
195    116    39    
66     38     13    
0      0      0     
0      0      0     
0      0      0     
0      0      0     
0      0      0     
0      0      0     
0      0      0     
0      0      0     
0      0      0     
0      0      0     
0      0      0     
0      0      0     
0      0      0     
0      0      0     
0      0      0     
0      0      0     
0      0      0     
0      0      0     
0      0      0     
0      0      0     
0      0      0     
174    101    35    
69     39     12    
122    70     23    
195    113    38    
193    112    38    
193    112    37    
192    105    38    
191    87     39    
193    105    38    
193    112    38    
195    113    38    
153    88     29    
29     16     5     
0      0      0     
0      0      0     
0      0      0     
0      0      0     
0      0      0     
0      0      0     
0      0      0     
0      0      0     
0      0      0     
0      0      0     
0      0      0     
0      0      0     
0      0      0     
0      0      0     
0      0      0     
0      0      0     
0      0      0     
0      0      0     
0      0      0     
0      0      0     
0      0      0     
0      0      0     
0      0      0     
0      0      0     
6      6      5     
80     57     33    
143    84     29    
172    103    36    
207    122    42    
66     38     13    
0      0      0     
0      0      0     
0      0      0     
0      0      0     
0      0      0     
0      0      0     
0      0      0     
0      0      0     
0      0      0     
0      0      0     
0      0      0     
0      0      0     
0      0      0     
0      0      0     
0      0      0     
0      0      0     
0      0      0     
0      0      0     
0      0      0     
0      0      0     
0      0      0     
206    122    41    
198    117    39    
212    125    43    
214    126    45    
202    120    40    
202    122    41    
208    102    44    
195    38     43    
194    69     44    
205    117    41    
213    129    43    
202    121    41    
150    88     29    
33     18     5     
0      0      0     
0      0      0     
0      0      0     
0      0      0     
0      0      0     
0      0      0     
0      0      0     
0      0      0     
0      0      0     
0      0      0     
0      0      0     
0      0      0     
0      0      0     
0      0      0     
0      0      0     
0      0      0     
0      0      0     
0      0      0     
0      0      0     
0      0      0     
0      0      0     
0      0      0     
0      0      0     
6      5      4     
81     56     33    
144    86     30    
153    92     31    
197    117    40    
66     38     13    
0      0      0     
0      0      0     
0      0      0     
0      0      0     
0      0      0     
0      0      0     
0      0      0     
0      0      0     
0      0      0     
0      0      0     
0      0      0     
0      0      0     
0      0      0     
0      0      0     
0      0      0     
0      0      0     
0      0      0     
0      0      0     
0      0      0     
0      0      0     
0      0      0     
197    61     45    
197    75     43    
205    86     44    
201    59     43    
193    56     42    
196    83     42    
203    105    42    
192    56     42    
189    30     43    
197    54     43    
204    99     43    
199    119    41    
203    122    41    
158    91     31    
28     16     4     
0      0      0     
0      0      0     
0      0      0     
0      0      0     
0      0      0     
0      0      0     
0      0      0     
0      0      0     
0      0      0     
0      0      0     
0      0      0     
0      0      0     
0      0      0     
0      0      0     
0      0      0     
0      0      0     
0      0      0     
0      0      0     
0      0      0     
0      0      0     
0      0      0     
0      0      0     
6      6      4     
80     56     33    
150    91     31    
149    87     30    
191    113    38    
67     38     12    
0      0      0     
0      0      0     
0      0      0     
0      0      0     
0      0      0     
0      0      0     
0      0      0     
0      0      0     
0      0      0     
0      0      0     
0      0      0     
0      0      0     
0      0      0     
0      0      0     
0      0      0     
0      0      0     
0      0      0     
0      0      0     
0      0      0     
0      0      0     
0      0      0     
192    50     43    
191    38     44    
189    32     43    
189    27     44    
191    27     43    
190    33     44    
190    40     43    
192    48     43    
191    52     41    
191    32     43    
191    45     43    
196    110    41    
198    120    40    
205    122    40    
94     55     17    
0      0      0     
0      0      0     
0      0      0     
0      0      0     
0      0      0     
0      0      0     
0      0      0     
0      0      0     
0      0      0     
0      0      0     
0      0      0     
0      0      0     
0      0      0     
0      0      0     
0      0      0     
0      0      0     
0      0      0     
0      0      0     
0      0      0     
0      0      0     
0      0      0     
0      0      0     
6      6      4     
81     56     33    
147    86     29    
153    92     31    
202    119    41    
66     38     13    
0      0      0     
0      0      0     
0      0      0     
0      0      0     
0      0      0     
0      0      0     
0      0      0     
0      0      0     
0      0      0     
0      0      0     
0      0      0     
0      0      0     
0      0      0     
0      0      0     
0      0      0     
0      0      0     
0      0      0     
0      0      0     
0      0      0     
0      0      0     
0      0      0     
206    80     45    
195    75     41    
201    76     41    
199    76     42    
194    74     42    
193    74     41    
198    75     42    
202    98     42    
192    81     41    
192    37     43    
202    73     44    
199    115    40    
202    123    41    
164    101    33    
48     31     10    
0      0      0     
0      0      0     
0      0      0     
0      0      0     
0      0      0     
0      0      0     
0      0      0     
0      0      0     
0      0      0     
0      0      0     
0      0      0     
0      0      0     
0      0      0     
0      0      0     
0      0      0     
0      0      0     
0      0      0     
0      0      0     
0      0      0     
0      0      0     
0      0      0     
0      0      0     
6      5      4     
82     56     34    
145    87     30    
171    102    36    
195    116    40    
58     34     12    
0      0      0     
0      0      0     
0      0      0     
0      0      0     
0      0      0     
0      0      0     
0      0      0     
0      0      0     
0      0      0     
0      0      0     
0      0      0     
0      0      0     
0      0      0     
0      0      0     
0      0      0     
0      0      0     
0      0      0     
0      0      0     
0      0      0     
0      0      0     
0      0      0     
203    122    43    
198    121    40    
200    122    41    
200    121    40    
198    121    41    
198    120    40    
200    121    41    
200    119    40    
193    57     42    
194    66     42    
201    117    40    
197    120    40    
154    94     31    
45     28     9     
0      0      0     
0      0      0     
0      0      0     
0      0      0     
0      0      0     
0      0      0     
0      0      0     
0      0      0     
0      0      0     
0      0      0     
0      0      0     
0      0      0     
0      0      0     
0      0      0     
0      0      0     
0      0      0     
0      0      0     
0      0      0     
0      0      0     
0      0      0     
0      0      0     
0      0      0     
0      0      0     
5      5      3     
73     51     29    
120    71     25    
178    106    35    
115    71     25    
34     14     9     
23     8      8     
26     6      7     
24     4      5     
4      0      0     
0      0      0     
0      0      0     
0      0      0     
0      0      0     
0      0      0     
0      0      0     
0      0      0     
0      0      0     
0      0      0     
0      0      0     
0      0      0     
0      0      0     
0      0      0     
0      0      0     
0      0      0     
0      0      0     
0      0      0     
174    108    35    
174    107    36    
173    109    36    
174    108    36    
174    108    36    
174    108    35    
174    109    36    
174    107    35    
172    82     37    
174    102    36    
176    110    36    
148    92     31    
42     27     9     
0      0      0     
0      0      0     
0      0      0     
0      0      0     
0      0      0     
0      0      0     
0      0      0     
0      0      0     
0      0      0     
0      0      0     
0      0      0     
0      0      0     
0      0      0     
0      0      0     
0      0      0     
0      0      0     
0      0      0     
0      0      0     
7      10     11    
12     17     18    
13     18     20    
10     15     16    
13     19     21    
13     15     17    
13     16     18    
39     34     28    
49     42     30    
87     50     21    
69     27     22    
94     31     32    
91     37     35    
100    31     33    
100    22     30    
64     2      12    
55     3      9     
76     8      14    
32     2      6     
0      0      0     
0      0      0     
0      0      0     
0      0      0     
0      0      0     
0      0      0     
0      0      0     
0      0      0     
0      0      0     
0      0      0     
0      0      0     
0      0      0     
0      0      0     
0      0      0     
45     29     9     
46     29     11    
46     29     10    
46     29     9     
52     32     11    
54     33     11    
45     29     9     
45     29     9     
44     28     9     
46     29     9     
47     29     9     
32     21     7     
1      1      0     
0      0      0     
0      0      0     
0      0      0     
0      0      0     
0      0      0     
0      0      0     
0      0      0     
0      0      0     
0      0      0     
0      0      0     
0      0      0     
0      0      0     
0      0      0     
0      0      0     
0      0      0     
0      0      0     
0      0      0     
5      7      7     
63     70     71    
107    109    110   
117    119    120   
115    118    119   
121    115    117   
123    50     60    
106    75     82    
115    119    120   
113    117    118   
45     31     33    
117    17     25    
140    29     38    
152    118    117   
170    151    150   
149    84     84    
52     10     14    
34     4      6     
66     10     14    
73     12     18    
0      0      0     
0      0      0     
0      0      0     
0      0      0     
0      0      0     
0      0      0     
0      0      0     
0      0      0     
0      0      0     
0      0      0     
0      0      0     
0      0      0     
0      0      0     
0      0      0     
0      0      0     
0      0      0     
0      0      0     
0      0      0     
44     25     8     
71     40     13    
0      0      0     
0      0      0     
0      0      0     
0      0      0     
0      0      0     
0      0      0     
0      0      0     
0      0      0     
0      0      0     
0      0      0     
0      0      0     
0      0      0     
0      0      0     
0      0      0     
0      0      0     
0      0      0     
0      0      0     
0      0      0     
0      0      0     
0      0      0     
0      0      0     
0      0      0     
0      0      0     
0      0      0     
51     57     59    
113    120    122   
119    121    122   
175    177    177   
167    156    158   
158    125    128   
162    143    144   
170    165    164   
171    174    173   
174    175    175   
65     54     55    
124    13     25    
166    26     41    
171    132    138   
191    168    172   
59     52     55    
4      1      2     
4      5      4     
54     26     27    
65     28     29    
0      0      0     
0      0      0     
0      0      0     
0      0      0     
0      0      0     
0      0      0     
0      0      0     
0      0      0     
0      0      0     
0      0      0     
0      0      0     
0      0      0     
0      0      0     
0      0      0     
0      0      0     
0      0      0     
0      0      0     
0      0      0     
60     34     11    
96     55     18    
0      0      0     
0      0      0     
0      0      0     
0      0      0     
0      0      0     
0      0      0     
0      0      0     
0      0      0     
0      0      0     
0      0      0     
0      0      0     
0      0      0     
0      0      0     
0      0      0     
0      0      0     
0      0      0     
0      0      0     
0      0      0     
0      0      0     
0      0      0     
0      0      0     
0      0      0     
0      0      0     
0      0      0     
26     27     28    
90     102    108   
103    117    123   
108    121    126   
114    117    125   
86     64     75    
94     101    109   
117    129    135   
125    136    141   
113    120    124   
58     53     59    
126    13     25    
122    19     29    
33     22     28    
36     17     22    
42     21     28    
119    33     38    
138    101    103   
79     61     61    
7      2      2     
0      0      0     
0      0      0     
0      0      0     
0      0      0     
0      0      0     
0      0      0     
0      0      0     
0      0      0     
0      0      0     
0      0      0     
0      0      0     
0      0      0     
0      0      0     
0      0      0     
0      0      0     
0      0      0     
0      0      0     
0      0      0     
55     33     10    
88     54     16    
0      0      0     
0      0      0     
0      0      0     
0      0      0     
0      0      0     
0      0      0     
0      0      0     
0      0      0     
0      0      0     
0      0      0     
0      0      0     
0      0      0     
0      0      0     
0      0      0     
0      0      0     
0      0      0     
0      0      0     
14     16     2     
29     45     6     
3      9      1     
0      0      0     
6      7      1     
27     35     5     
1      2      0     
1      1      1     
8      11     12    
10     13     15    
9      11     12    
12     17     16    
37     52     18    
21     39     15    
49     41     32    
67     47     29    
56     55     19    
32     25     13    
113    12     24    
70     15     22    
16     21     26    
62     43     46    
122    66     67    
113    69     44    
52     63     28    
11     14     10    
0      0      0     
14     17     2     
22     29     4     
0      0      0     
0      0      0     
0      0      0     
0      0      0     
0      0      0     
0      0      0     
0      0      0     
0      0      0     
0      0      0     
0      0      0     
0      0      0     
0      0      0     
0      0      0     
0      0      0     
0      0      0     
0      0      0     
48     29     9     
75     46     15    
0      0      0     
0      0      0     
0      0      0     
0      0      0     
0      0      0     
0      0      0     
0      0      0     
0      0      0     
0      0      0     
0      0      0     
0      0      0     
0      0      0     
0      0      0     
0      0      0     
0      0      0     
0      0      0     
0      0      0     
20     26     4     
88     127    22    
48     86     13    
2      5      0     
40     51     7     
53     70     11    
1      2      0     
0      0      0     
0      0      0     
0      0      0     
0      0      0     
1      1      0     
58     78     13    
84     129    23    
39     40     16    
68     57     16    
77     98     16    
90     65     18    
51     12     9     
11     15     22    
20     15     19    
97     61     61    
37     33     35    
39     50     10    
91     137    24    
31     57     8     
3      4      0     
55     71     10    
38     50     8     
0      0      0     
0      0      0     
0      0      0     
0      0      0     
0      0      0     
0      0      0     
0      0      0     
0      0      0     
0      0      0     
0      0      0     
0      0      0     
0      0      0     
32     25     7     
32     25     7     
32     25     7     
28     22     6     
74     47     13    
105    65     20    
28     22     6     
32     25     7     
32     25     7     
32     25     7     
32     25     7     
32     25     7     
32     25     7     
32     25     7     
32     25     7     
32     25     7     
32     25     7     
32     25     7     
32     25     7     
32     25     7     
32     25     7     
32     25     7     
31     23     7     
12     11     2     
82     109    19    
87     113    31    
40     58     10    
84     125    21    
14     20     5     
15     11     3     
32     25     7     
32     25     7     
32     25     7     
32     25     7     
15     11     2     
30     39     6     
111    146    31    
38     56     13    
88     130    22    
57     84     15    
123    71     26    
112    69     21    
35     34     25    
47     39     20    
80     50     14    
18     15     2     
15     18     2     
105    138    27    
62     83     26    
55     79     13    
72     109    19    
5      6      2     
22     17     5     
32     25     7     
32     25     7     
32     25     7     
32     25     7     
32     25     7     
32     25     7     
32     25     7     
32     25     7     
32     25     7     
22     17     4     
1      0      0     
149    119    31    
147    116    31    
148    116    31    
141    112    29    
123    97     25    
134    105    29    
141    113    30    
146    117    31    
145    116    31    
146    116    31    
146    116    31    
146    117    31    
146    116    31    
145    116    31    
146    116    31    
146    116    31    
146    117    31    
146    117    31    
146    117    31    
145    116    31    
146    116    31    
146    116    31    
141    112    30    
70     71     14    
74     111    18    
53     95     19    
49     94     16    
56     98     20    
30     32     15    
76     62     16    
150    120    31    
145    116    31    
146    116    31    
148    118    31    
77     63     14    
63     87     15    
65     108    20    
49     90     15    
59     106    18    
46     68     21    
46     34     16    
129    97     27    
109    92     28    
114    95     27    
152    113    32    
101    80     20    
60     74     13    
72     112    21    
49     90     18    
52     99     16    
53     87     21    
26     23     11    
105    86     22    
148    119    31    
146    116    31    
146    116    31    
146    117    31    
146    117    31    
145    116    31    
145    116    31    
146    116    31    
148    118    31    
105    84     20    
7      7      1     
110    145    27    
120    151    28    
122    152    28    
114    146    26    
113    148    26    
106    142    25    
107    143    25    
115    147    26    
120    151    27    
113    146    26    
111    146    25    
107    143    25    
114    147    26    
122    152    28    
116    148    26    
115    149    26    
109    145    25    
107    143    25    
110    144    25    
120    151    27    
114    147    26    
115    148    26    
107    143    25    
107    143    24    
118    150    29    
116    149    27    
110    145    26    
109    145    27    
102    139    24    
104    140    24    
118    149    27    
118    150    27    
113    147    26    
108    145    25    
103    141    24    
113    147    26    
115    150    29    
109    145    27    
110    146    27    
103    141    25    
101    139    23    
113    146    27    
119    149    28    
112    145    27    
113    147    27    
105    141    24    
111    146    26    
118    150    28    
114    148    27    
110    145    26    
106    143    25    
101    138    23    
108    142    24    
120    151    27    
117    149    27    
115    149    26    
107    144    25    
109    144    25    
120    151    27    
120    151    27    
114    147    26    
113    148    26    
104    142    25    
99     138    25    
112    143    30    
133    183    33    
134    189    34    
107    163    29    
138    163    32    
109    138    28    
99     140    26    
109    169    28    
129    184    32    
109    160    29    
122    148    30    
106    135    27    
122    164    30    
137    190    34    
110    169    29    
133    164    31    
116    143    29    
106    136    27    
96     150    26    
126    183    31    
107    164    28    
139    163    32    
108    138    29    
116    151    29    
137    188    34    
128    183    33    
111    161    29    
135    158    32    
107    135    28    
95     142    26    
121    177    31    
120    177    31    
116    158    30    
115    142    30    
108    137    28    
130    174    31    
135    188    34    
107    163    29    
138    163    33    
110    138    28    
104    138    28    
112    168    29    
128    184    32    
112    160    29    
134    157    33    
106    135    27    
122    163    31    
138    190    34    
118    176    30    
123    163    31    
125    148    31    
105    135    27    
96     148    26    
128    184    32    
119    172    31    
138    163    32    
109    138    28    
111    143    27    
134    183    32    
129    184    32    
111    161    29    
134    158    32    
106    135    28    
103    138    28    
162    107    37    
95     102    32    
129    127    33    
125    120    32    
129    88     36    
173    104    36    
138    99     35    
94     106    31    
137    130    32    
120    109    32    
150    95     35    
183    109    38    
118    98     32    
107    114    31    
128    124    32    
121    91     34    
165    100    36    
175    107    37    
99     97     32    
125    125    32    
124    118    32    
128    89     35    
176    106    36    
145    103    35    
96     107    31    
136    130    33    
119    108    32    
143    92     35    
182    109    38    
116    98     33    
105    114    31    
137    129    33    
120    102    33    
163    102    36    
175    106    37    
102    100    32    
117    121    31    
124    118    32    
128    87     35    
176    106    37    
160    103    35    
102    106    32    
136    129    33    
119    109    32    
139    89     35    
181    109    38    
121    100    34    
106    114    31    
137    130    33    
117    99     33    
158    99     36    
176    108    37    
100    98     33    
118    121    31    
132    122    33    
127    87     36    
175    105    37    
159    103    36    
95     102    31    
127    125    32    
120    108    32    
139    90     37    
180    109    37    
148    101    33    
162    102    36    
137    86     37    
142    88     38    
165    100    34    
136    86     37    
140    89     38    
161    99     35    
130    82     38    
152    94     38    
161    97     35    
128    82     38    
160    99     36    
152    95     36    
128    81     39    
160    97     36    
145    91     37    
131    84     38    
165    102    36    
146    91     37    
144    91     38    
166    101    35    
137    86     38    
141    89     39    
161    100    35    
130    82     38    
153    95     38    
159    98     35    
135    86     38    
162    99     37    
155    96     36    
127    81     39    
162    98     37    
151    92     36    
131    84     38    
164    101    36    
145    90     36    
132    84     39    
163    99     35    
136    86     37    
141    88     38    
165    101    36    
131    83     37    
153    93     37    
162    99     35    
129    83     38    
152    93     37    
155    95     35    
129    81     38    
162    99     37    
153    94     35    
137    87     38    
166    101    36    
146    92     36    
132    83     39    
164    101    37    
137    87     38    
141    88     38    
164    101    34    
136    85     37    
141    87     38    
160    99     34    
129    83     39    
152    94     37    
163    100    35    
165    99     39    
166    102    39    
97     67     41    
155    95     42    
154    95     40    
118    77     37    
119    76     40    
146    92     38    
130    84     35    
118    78     40    
110    74     39    
143    89     38    
189    111    39    
124    82     39    
137    87     41    
162    98     41    
128    82     37    
101    67     40    
138    87     39    
136    87     36    
119    77     39    
116    77     43    
117    76     38    
175    104    38    
147    92     39    
100    68     41    
166    101    42    
140    89     38    
98     68     39    
130    82     40    
144    91     37    
125    81     36    
117    77     41    
111    74     39    
160    97     38    
183    109    40    
110    74     39    
156    95     41    
155    96     40    
115    77     38    
108    72     40    
143    90     37    
131    84     36    
119    78     41    
113    76     43    
126    81     38    
182    108    39    
125    80     39    
115    76     40    
168    101    41    
126    81     39    
101    68     39    
138    87     40    
141    91     35    
122    80     38    
116    78     43    
116    76     38    
176    105    39    
166    101    38    
108    73     40    
166    101    41    
147    92     38    
104    71     38    
116    76     40    
105    75     48    
93     70     46    
52     49     45    
75     64     53    
88     69     51    
77     60     42    
56     57     53    
88     66     47    
88     62     40    
41     47     49    
67     61     53    
99     73     46    
109    79     50    
69     57     43    
67     59     50    
87     70     53    
86     64     41    
55     55     48    
71     63     52    
92     66     41    
50     48     45    
45     50     54    
86     67     47    
107    77     46    
81     64     46    
50     49     46    
82     68     54    
85     65     47    
62     55     45    
62     60     54    
94     68     43    
77     59     41    
39     47     52    
77     64     52    
107    76     45    
102    75     48    
60     53     45    
75     64     54    
86     69     50    
79     60     41    
53     55     51    
85     66     47    
87     64     40    
40     44     48    
56     55     54    
93     71     46    
106    78     48    
69     58     43    
55     52     50    
86     70     54    
82     64     45    
55     54     48    
72     62     53    
95     66     41    
63     53     43    
45     49     55    
86     67     49    
111    80     47    
97     73     49    
58     53     46    
76     63     51    
81     61     41    
72     58     43    
53     56     54    
86     98     102   
93     103    105   
58     69     75    
96     106    113   
122    120    117   
77     81     78    
113    121    123   
111    109    102   
58     65     67    
73     85     90    
111    119    120   
76     87     92    
105    116    119   
68     80     84    
80     93     100   
126    129    126   
83     82     77    
86     96     100   
126    129    127   
73     77     75    
62     72     80    
109    118    121   
91     99     102   
92     103    108   
81     92     94    
61     71     79    
111    120    123   
108    108    104   
77     84     88    
123    127    129   
95     92     88    
55     65     69    
86     97     100   
103    111    112   
82     93     97    
102    114    114   
61     72     78    
96     106    111   
121    121    117   
75     77     74    
99     108    113   
107    106    102   
59     64     67    
71     82     90    
115    122    125   
80     91     93    
101    112    113   
70     79     83    
71     81     90    
122    127    128   
94     93     89    
86     95     100   
126    128    127   
78     79     74    
61     71     78    
108    118    121   
91     100    102   
97     107    109   
114    118    117   
58     70     77    
85     96     102   
63     64     63    
58     64     67    
105    114    119   
109    118    122   
121    133    137   
123    134    138   
149    152    152   
119    133    135   
124    134    137   
147    150    151   
110    126    130   
79     96     103   
133    138    141   
102    117    123   
88     102    108   
135    142    144   
112    126    132   
144    147    149   
129    138    141   
115    128    132   
149    151    152   
133    141    144   
82     100    106   
121    129    131   
122    136    139   
80     98     106   
116    126    129   
115    129    134   
134    140    143   
145    149    149   
118    131    133   
144    147    148   
141    147    148   
98     115    120   
89     102    108   
134    141    143   
88     107    113   
103    114    119   
130    140    143   
116    129    134   
148    150    151   
120    132    135   
124    133    136   
150    153    153   
113    128    131   
79     96     103   
133    139    140   
112    128    132   
78     96     104   
125    134    137   
111    128    132   
144    147    149   
138    144    146   
120    132    135   
149    150    152   
132    141    143   
87     105    111   
103    114    119   
123    135    138   
79     98     105   
121    129    131   
124    135    139   
114    128    133   
142    145    148   
93     105    110   
108    117    122   
145    149    150   
30     35     36    
66     83     87    
66     80     86    
77     89     95    
48     63     73    
51     62     67    
83     98     105   
59     77     87    
33     44     54    
77     93     98    
44     59     64    
20     24     25    
55     63     66    
70     88     94    
75     87     94    
57     73     82    
41     53     60    
74     84     89    
78     95     103   
35     49     58    
69     82     90    
67     85     94    
23     31     36    
39     44     48    
70     89     94    
66     78     83    
75     89     96    
43     57     66    
64     74     78    
83     100    107   
48     65     75    
41     53     61    
78     95     102   
32     43     49    
26     29     30    
63     74     78    
70     86     93    
76     89     96    
48     64     73    
46     57     63    
81     93     98    
62     79     88    
32     44     54    
78     93     101   
55     73     79    
19     24     28    
51     60     62    
70     89     94    
69     80     85    
67     83     91    
42     55     63    
74     85     89    
77     96     103   
39     53     64    
52     64     72    
67     85     93    
23     31     36    
39     41     41    
83     93     97    
70     86     92    
74     88     94    
42     57     66    
54     67     70    
85     99     106   
0      0      0     
5      8      9     
7      9      13    
8      14     19    
8      14     18    
1      2      4     
11     18     23    
12     18     25    
6      6      11    
10     17     23    
4      6      8     
0      0      0     
1      1      2     
8      13     16    
7      13     17    
11     17     22    
2      2      2     
6      11     13    
14     19     27    
7      10     13    
9      13     20    
10     14     20    
0      0      0     
0      0      0     
7      11     14    
5      7      11    
11     17     23    
6      9      12    
3      4      7     
13     19     26    
11     17     22    
5      7      11    
10     17     23    
2      2      3     
0      0      0     
3      4      5     
8      13     17    
9      13     20    
10     13     18    
1      1      1     
8      13     19    
12     18     25    
5      7      11    
11     17     24    
6      10     13    
0      0      0     
1      2      2     
9      13     16    
5      7      11    
11     17     24    
3      5      7     
6      8      13    
12     20     27    
8      14     18    
6      11     14    
9      15     20    
0      0      1     
0      0      0     
6      8      10    
7      13     16    
10     16     23    
5      7      12    
1      2      3     
11     18     23    
0      0      0     
0      0      0     
0      0      0     
0      0      0     
0      0      0     
0      0      0     
0      0      0     
0      0      0     
0      0      0     
0      0      0     
0      0      0     
0      0      0     
0      0      0     
0      0      0     
0      0      0     
0      0      0     
0      0      0     
0      0      0     
0      0      0     
0      0      0     
0      0      0     
0      0      0     
0      0      0     
0      0      0     
0      0      0     
0      0      0     
0      0      0     
0      0      0     
0      0      0     
0      0      0     
0      0      0     
0      0      0     
0      0      0     
0      0      0     
0      0      0     
0      0      0     
0      0      0     
0      0      0     
0      0      0     
0      0      0     
0      0      0     
0      0      0     
0      0      0     
0      0      0     
0      0      0     
0      0      0     
0      0      0     
0      0      0     
0      0      0     
0      0      0     
0      0      0     
0      0      0     
0      0      0     
0      0      0     
0      0      0     
0      0      0     
0      0      0     
0      0      0     
0      0      0     
0      0      0     
0      0      0     
0      0      0     
0      0      0     
5      7      8     
0      0      0     
0      0      0     
0      0      0     
0      0      0     
0      0      0     
0      0      0     
0      0      0     
0      0      0     
0      0      0     
0      0      0     
0      0      0     
0      0      0     
0      0      0     
0      0      0     
0      0      0     
0      0      0     
0      0      0     
0      0      0     
0      0      0     
0      0      0     
0      0      0     
0      0      0     
0      0      0     
0      0      0     
0      0      0     
0      0      0     
0      0      0     
0      0      0     
0      0      0     
0      0      0     
0      0      0     
0      0      0     
0      0      0     
0      0      0     
0      0      0     
0      0      0     
0      0      0     
0      0      0     
0      0      0     
0      0      0     
0      0      0     
0      0      0     
0      0      0     
0      0      0     
0      0      0     
0      0      0     
0      0      0     
0      0      0     
0      0      0     
0      0      0     
0      0      0     
0      0      0     
0      0      0     
0      0      0     
0      0      0     
0      0      0     
0      0      0     
0      0      0     
0      0      0     
0      0      0     
0      0      0     
0      0      0     
1      1      2     
14     23     25    
0      0      0     
0      0      0     
0      0      0     
0      0      0     
0      0      0     
0      0      0     
0      0      0     
0      0      0     
0      0      0     
0      0      0     
0      0      0     
0      0      0     
0      0      0     
0      0      0     
0      0      0     
0      0      0     
0      0      0     
0      0      0     
0      0      0     
0      0      0     
0      0      0     
0      0      0     
0      0      0     
0      0      0     
0      0      0     
0      0      0     
0      0      0     
0      0      0     
0      0      0     
0      0      0     
0      0      0     
0      0      0     
0      0      0     
0      0      0     
0      0      0     
0      0      0     
0      0      0     
0      0      0     
0      0      0     
0      0      0     
0      0      0     
0      0      0     
0      0      0     
0      0      0     
0      0      0     
0      0      0     
0      0      0     
0      0      0     
0      0      0     
0      0      0     
0      0      0     
0      0      0     
0      0      0     
0      0      0     
0      0      0     
0      0      0     
0      0      0     
0      0      0     
0      0      0     
0      0      0     
0      0      0     
0      0      0     
4      7      8     
32     55     59    
0      0      0     
0      0      0     
0      0      0     
0      0      0     
0      0      0     
0      0      0     
0      0      0     
0      0      0     
0      0      0     
0      0      0     
0      0      0     
0      0      0     
0      0      0     
0      0      0     
0      0      0     
0      0      0     
0      0      0     
0      0      0     
0      0      0     
0      0      0     
0      0      0     
0      0      0     
0      0      0     
0      0      0     
0      0      0     
0      0      0     
0      0      0     
0      0      0     
0      0      0     
0      0      0     
0      0      0     
0      0      0     
0      0      0     
0      0      0     
0      0      0     
0      0      0     
0      0      0     
0      0      0     
0      0      0     
0      0      0     
0      0      0     
0      0      0     
0      0      0     
0      0      0     
0      0      0     
0      0      0     
0      0      0     
0      0      0     
0      0      0     
0      0      0     
0      0      0     
0      0      0     
0      0      0     
0      0      0     
0      0      0     
0      0      0     
0      0      0     
0      0      0     
0      0      0     
0      0      0     
0      0      0     
0      0      0     
4      7      9     
34     57     63    
0      0      0     
0      0      0     
0      0      0     
0      0      0     
0      0      0     
0      0      0     
0      0      0     
0      0      0     
0      0      0     
0      0      0     
0      0      0     
0      0      0     
0      0      0     
0      0      0     
0      0      0     
0      0      0     
0      0      0     
0      0      0     
0      0      0     
0      0      0     
0      0      0     
0      0      0     
0      0      0     
0      0      0     
0      0      0     
0      0      0     
0      0      0     
0      0      0     
0      0      0     
0      0      0     
0      0      0     
0      0      0     
0      0      0     
0      0      0     
0      0      0     
0      0      0     
0      0      0     
0      0      0     
0      0      0     
0      0      0     
0      0      0     
0      0      0     
0      0      0     
0      0      0     
0      0      0     
0      0      0     
0      0      0     
0      0      0     
0      0      0     
0      0      0     
0      0      0     
0      0      0     
0      0      0     
0      0      0     
0      0      0     
0      0      0     
0      0      0     
0      0      0     
0      0      0     
0      0      0     
0      0      0     
0      0      0     
2      3      4     
21     35     36    
0      0      0     
0      0      0     
0      0      0     
0      0      0     
0      0      0     
0      0      0     
0      0      0     
0      0      0     
0      0      0     
0      0      0     
0      0      0     
0      0      0     
0      0      0     
0      0      0     
0      0      0     
0      0      0     
0      0      0     
0      0      0     
0      0      0     
0      0      0     
0      0      0     
0      0      0     
0      0      0     
0      0      0     
0      0      0     
0      0      0     
0      0      0     
0      0      0     
0      0      0     
0      0      0     
0      0      0     
0      0      0     
0      0      0     
0      0      0     
0      0      0     
0      0      0     
0      0      0     
0      0      0     
0      0      0     
0      0      0     
0      0      0     
0      0      0     
0      0      0     
0      0      0     
0      0      0     
0      0      0     
0      0      0     
0      0      0     
0      0      0     
0      0      0     
0      0      0     
0      0      0     
0      0      0     
0      0      0     
0      0      0     
0      0      0     
0      0      0     
0      0      0     
0      0      0     
0      0      0     
0      0      0     
0      0      0     
0      0      0     
2      4      4     
0      0      0     
0      0      0     
0      0      0     
0      0      0     
0      0      0     
0      0      0     
0      0      0     
0      0      0     
0      0      0     
0      0      0     
0      0      0     
0      0      0     
0      0      0     
0      0      0     
0      0      0     
0      0      0     
0      0      0     
0      0      0     
0      0      0     
0      0      0     
0      0      0     
0      0      0     
0      0      0     
0      0      0     
0      0      0     
0      0      0     
0      0      0     
0      0      0     
0      0      0     
0      0      0     
0      0      0     
0      0      0     
0      0      0     
0      0      0     
0      0      0     
0      0      0     
0      0      0     
0      0      0     
0      0      0     
0      0      0     
0      0      0     
0      0      0     
0      0      0     
0      0      0     
0      0      0     
0      0      0     
0      0      0     
0      0      0     
0      0      0     
0      0      0     
0      0      0     
0      0      0     
0      0      0     
0      0      0     
0      0      0     
0      0      0     
0      0      0     
0      0      0     
0      0      0     
0      0      0     
0      0      0     
0      0      0     
0      0      0     
0      2      2     
