0      0      0     
0      0      0     
0      0      0     
0      0      0     
0      0      0     
0      0      0     
0      0      0     
0      0      0     
0      0      0     
0      0      0     
0      0      0     
0      0      0     
0      0      0     
0      0      0     
0      0      0     
0      0      0     
0      0      0     
0      0      0     
0      0      0     
0      0      0     
0      0      0     
0      0      0     
0      0      0     
0      0      0     
0      0      0     
0      0      0     
0      0      0     
0      0      0     
0      0      0     
33     65     10    
41     82     14    
24     49     8     
57     98     16    
73     141    25    
61     121    20    
84     132    24    
57     109    20    
82     125    23    
69     115    23    
85     120    22    
78     137    24    
78     115    23    
99     135    26    
96     158    28    
55     110    19    
79     123    23    
58     115    22    
50     95     16    
86     137    25    
55     109    19    
75     132    22    
42     85     15    
7      17     4     
17     35     7     
1      2      0     
0      0      0     
0      0      0     
0      0      0     
0      0      0     
0      0      0     
0      0      0     
0      0      0     
0      0      0     
0      0      0     
0      0      0     
0      0      0     
0      0      0     
0      0      0     
0      0      0     
0      0      0     
0      0      0     
0      0      0     
0      0      0     
0      0      0     
0      0      0     
0      0      0     
0      0      0     
0      0      0     
0      0      0     
0      0      0     
0      0      0     
0      0      0     
0      0      0     
0      0      0     
0      0      0     
0      0      0     
0      0      0     
0      0      0     
0      0      0     
0      0      0     
0      0      0     
0      0      0     
0      0      0     
10     19     3     
6      11     2     
0      0      0     
29     61     10    
48     97     16    
67     101    19    
99     156    27    
60     115    20    
109    159    28    
77     137    24    
48     74     15    
52     97     17    
67     112    20    
57     77     15    
63     124    20    
48     100    16    
76     131    22    
69     135    24    
55     107    18    
79     138    24    
37     75     13    
32     68     12    
11     23     3     
0      0      0     
0      0      0     
0      0      0     
0      0      0     
0      0      0     
0      0      0     
0      0      0     
0      0      0     
0      0      0     
0      0      0     
0      0      0     
0      0      0     
0      0      0     
0      0      0     
0      0      0     
0      0      0     
0      0      0     
0      0      0     
0      0      0     
0      0      0     
0      0      0     
0      0      0     
0      0      0     
0      0      0     
0      0      0     
0      0      0     
0      0      0     
0      0      0     
0      0      0     
0      0      0     
0      0      0     
0      0      0     
0      0      0     
0      0      0     
0      0      0     
0      0      0     
0      0      0     
0      0      0     
0      0      0     
0      0      0     
0      0      0     
0      0      0     
0      0      0     
0      0      0     
4      9      2     
5      10     2     
40     73     13    
53     103    17    
18     36     6     
51     96     16    
48     98     16    
79     52     17    
79     61     17    
56     64     13    
28     26     7     
29     59     10    
28     59     10    
58     122    21    
41     84     14    
43     89     14    
46     96     16    
5      11     2     
3      6      1     
0      1      0     
0      0      0     
0      0      0     
0      0      0     
0      0      0     
0      0      0     
0      0      0     
0      0      0     
0      0      0     
0      0      0     
0      0      0     
0      0      0     
0      0      0     
0      0      0     
0      0      0     
0      0      0     
0      0      0     
0      0      0     
0      0      0     
0      0      0     
0      0      0     
0      0      0     
0      0      0     
0      0      0     
0      0      0     
0      0      0     
0      0      0     
0      0      0     
0      0      0     
0      0      0     
0      0      0     
0      0      0     
0      0      0     
0      0      0     
0      0      0     
0      0      0     
0      0      0     
0      0      0     
0      0      0     
0      0      0     
0      0      0     
0      0      0     
0      0      0     
0      0      0     
0      0      0     
0      0      0     
0      0      0     
15     31     4     
10     21     3     
0      0      0     
4      10     2     
39     50     11    
119    70     23    
158    94     33    
166    96     34    
65     38     14    
0      0      0     
17     34     6     
29     61     10    
4      10     2     
5      10     2     
21     41     8     
1      2      0     
0      0      0     
0      0      0     
0      0      0     
0      0      0     
0      0      0     
0      0      0     
0      0      0     
0      0      0     
0      0      0     
0      0      0     
0      0      0     
0      0      0     
0      0      0     
0      0      0     
0      0      0     
0      0      0     
0      0      0     
0      0      0     
0      0      0     
0      0      0     
0      0      0     
0      0      0     
0      0      0     
0      0      0     
0      0      0     
0      0      0     
0      0      0     
0      0      0     
0      0      0     
0      0      0     
0      0      0     
0      0      0     
0      0      0     
0      0      0     
0      0      0     
0      0      0     
0      0      0     
0      0      0     
0      0      0     
0      0      0     
0      0      0     
0      0      0     
0      0      0     
0      0      0     
0      0      0     
0      0      0     
0      0      0     
0      0      0     
0      0      0     
0      0      0     
0      0      0     
4      3      3     
69     45     25    
140    82     28    
163    100    33    
206    123    42    
66     38     12    
0      0      0     
0      0      0     
0      0      0     
0      0      0     
0      0      0     
0      0      0     
0      0      0     
0      0      0     
0      0      0     
0      0      0     
0      0      0     
0      0      0     
0      0      0     
0      0      0     
0      0      0     
0      0      0     
0      0      0     
0      0      0     
0      0      0     
0      0      0     
0      0      0     
0      0      0     
0      0      0     
0      0      0     
0      0      0     
0      0      0     
0      0      0     
0      0      0     
0      0      0     
0      0      0     
0      0      0     
0      0      0     
0      0      0     
0      0      0     
0      0      0     
0      0      0     
0      0      0     
0      0      0     
0      0      0     
0      0      0     
0      0      0     
0      0      0     
0      0      0     
0      0      0     
0      0      0     
0      0      0     
0      0      0     
0      0      0     
0      0      0     
0      0      0     
0      0      0     
0      0      0     
0      0      0     
0      0      0     
0      0      0     
0      0      0     
0      0      0     
0      0      0     
7      6      4     
82     56     34    
147    90     31    
149    88     30    
191    114    38    
67     39     13    
0      0      0     
0      0      0     
0      0      0     
0      0      0     
0      0      0     
0      0      0     
0      0      0     
0      0      0     
0      0      0     
0      0      0     
0      0      0     
0      0      0     
0      0      0     
0      0      0     
0      0      0     
0      0      0     
0      0      0     
0      0      0     
0      0      0     
0      0      0     
0      0      0     
0      0      0     
0      0      0     
0      0      0     
0      0      0     
0      0      0     
0      0      0     
0      0      0     
0      0      0     
0      0      0     
0      0      0     
0      0      0     
0      0      0     
0      0      0     
0      0      0     
0      0      0     
0      0      0     
0      0      0     
0      0      0     
0      0      0     
0      0      0     
0      0      0     
0      0      0     
0      0      0     
0      0      0     
0      0      0     
0      0      0     
0      0      0     
0      0      0     
0      0      0     
0      0      0     
0      0      0     
0      0      0     
0      0      0     
0      0      0     
0      0      0     
0      0      0     
0      0      0     
6      6      4     
81     57     33    
148    88     31    
152    89     31    
200    117    41    
67     38     13    
0      0      0     
0      0      0     
0      0      0     
0      0      0     
0      0      0     
0      0      0     
0      0      0     
0      0      0     
0      0      0     
0      0      0     
0      0      0     
0      0      0     
0      0      0     
0      0      0     
0      0      0     
0      0      0     
0      0      0     
0      0      0     
0      0      0     
0      0      0     
0      0      0     
0      0      0     
0      0      0     
0      0      0     
0      0      0     
0      0      0     
0      0      0     
0      0      0     
0      0      0     
0      0      0     
0      0      0     
0      0      0     
0      0      0     
0      0      0     
0      0      0     
0      0      0     
0      0      0     
0      0      0     
0      0      0     
0      0      0     
0      0      0     
0      0      0     
0      0      0     
0      0      0     
0      0      0     
0      0      0     
0      0      0     
0      0      0     
0      0      0     
0      0      0     
0      0      0     
0      0      0     
0      0      0     
0      0      0     
0      0      0     
0      0      0     
0      0      0     
0      0      0     
6      6      4     
80     56     33    
144    86     29    
164    99     35    
203    120    41    
67     38     13    
0      0      0     
0      0      0     
0      0      0     
0      0      0     
0      0      0     
0      0      0     
0      0      0     
0      0      0     
0      0      0     
0      0      0     
0      0      0     
0      0      0     
0      0      0     
0      0      0     
0      0      0     
0      0      0     
0      0      0     
0      0      0     
0      0      0     
0      0      0     
0      0      0     
0      0      0     
0      0      0     
0      0      0     
0      0      0     
0      0      0     
0      0      0     
0      0      0     
0      0      0     
0      0      0     
0      0      0     
0      0      0     
0      0      0     
0      0      0     
0      0      0     
0      0      0     
0      0      0     
0      0      0     
0      0      0     
0      0      0     
0      0      0     
0      0      0     
0      0      0     
0      0      0     
0      0      0     
0      0      0     
0      0      0     
0      0      0     
0      0      0     
0      0      0     
0      0      0     
0      0      0     
0      0      0     
0      0      0     
0      0      0     
0      0      0     
0      0      0     
0      0      0     
6      6      4     
80     56     33    
146    86     30    
183    108    36    
198    117    40    
66     38     13    
0      0      0     
0      0      0     
0      0      0     
0      0      0     
0      0      0     
0      0      0     
0      0      0     
0      0      0     
0      0      0     
0      0      0     
0      0      0     
0      0      0     
0      0      0     
0      0      0     
0      0      0     
0      0      0     
0      0      0     
0      0      0     
0      0      0     
0      0      0     
0      0      0     
0      0      0     
0      0      0     
0      0      0     
0      0      0     
0      0      0     
0      0      0     
0      0      0     
0      0      0     
0      0      0     
0      0      0     
0      0      0     
0      0      0     
0      0      0     
0      0      0     
0      0      0     
0      0      0     
0      0      0     
0      0      0     
0      0      0     
0      0      0     
0      0      0     
0      0      0     
0      0      0     
0      0      0     
0      0      0     
0      0      0     
0      0      0     
0      0      0     
0      0      0     
0      0      0     
0      0      0     
0      0      0     
0      0      0     
0      0      0     
0      0      0     
0      0      0     
0      0      0     
6      5      5     
81     55     32    
147    89     30    
174    104    35    
205    119    42    
66     38     13    
0      0      0     
0      0      0     
0      0      0     
0      0      0     
0      0      0     
0      0      0     
0      0      0     
0      0      0     
0      0      0     
0      0      0     
0      0      0     
0      0      0     
0      0      0     
0      0      0     
0      0      0     
0      0      0     
0      0      0     
0      0      0     
0      0      0     
0      0      0     
0      0      0     
0      0      0     
0      0      0     
0      0      0     
0      0      0     
0      0      0     
0      0      0     
0      0      0     
0      0      0     
0      0      0     
0      0      0     
0      0      0     
0      0      0     
0      0      0     
0      0      0     
0      0      0     
0      0      0     
0      0      0     
0      0      0     
0      0      0     
0      0      0     
0      0      0     
0      0      0     
0      0      0     
0      0      0     
0      0      0     
0      0      0     
0      0      0     
0      0      0     
0      0      0     
0      0      0     
0      0      0     
0      0      0     
0      0      0     
0      0      0     
0      0      0     
0      0      0     
0      0      0     
6      6      5     
81     57     32    
144    85     30    
151    89     31    
203    119    41    
66     38     13    
0      0      0     
0      0      0     
0      0      0     
0      0      0     
0      0      0     
0      0      0     
0      0      0     
0      0      0     
0      0      0     
0      0      0     
0      0      0     
0      0      0     
0      0      0     
0      0      0     
0      0      0     
0      0      0     
0      0      0     
0      0      0     
0      0      0     
0      0      0     
0      0      0     
0      0      0     
0      0      0     
0      0      0     
0      0      0     
0      0      0     
0      0      0     
0      0      0     
0      0      0     
0      0      0     
0      0      0     
0      0      0     
0      0      0     
0      0      0     
0      0      0     
0      0      0     
0      0      0     
0      0      0     
0      0      0     
0      0      0     
0      0      0     
0      0      0     
0      0      0     
0      0      0     
0      0      0     
0      0      0     
0      0      0     
0      0      0     
0      0      0     
0      0      0     
0      0      0     
0      0      0     
0      0      0     
0      0      0     
0      0      0     
0      0      0     
0      0      0     
0      0      0     
6      5      4     
85     60     34    
145    86     30    
157    94     33    
206    121    41    
66     38     13    
0      0      0     
0      0      0     
0      0      0     
0      0      0     
0      0      0     
0      0      0     
0      0      0     
0      0      0     
0      0      0     
0      0      0     
0      0      0     
0      0      0     
0      0      0     
0      0      0     
0      0      0     
0      0      0     
0      0      0     
0      0      0     
0      0      0     
0      0      0     
0      0      0     
0      0      0     
0      0      0     
0      0      0     
0      0      0     
0      0      0     
0      0      0     
0      0      0     
0      0      0     
0      0      0     
0      0      0     
0      0      0     
0      0      0     
0      0      0     
0      0      0     
0      0      0     
0      0      0     
0      0      0     
0      0      0     
0      0      0     
36     36     36    
75     75     75    
75     75     74    
36     36     36    
0      0      0     
0      0      0     
0      0      0     
0      0      0     
0      0      0     
0      0      0     
0      0      0     
0      0      0     
0      0      0     
0      0      0     
0      0      0     
0      0      0     
0      0      0     
0      0      0     
6      6      4     
82     57     33    
144    85     29    
171    102    35    
208    122    42    
66     38     13    
0      0      0     
0      0      0     
0      0      0     
0      0      0     
0      0      0     
0      0      0     
0      0      0     
0      0      0     
0      0      0     
0      0      0     
0      0      0     
0      0      0     
0      0      0     
0      0      0     
0      0      0     
0      0      0     
0      0      0     
0      0      0     
0      0      0     
0      0      0     
0      0      0     
0      0      0     
0      0      0     
0      0      0     
0      0      0     
0      0      0     
0      0      0     
0      0      0     
0      0      0     
0      0      0     
0      0      0     
0      0      0     
0      0      0     
0      0      0     
0      0      0     
0      0      0     
0      0      0     
0      0      0     
1      0      0     
44     16     23    
101    103    109   
123    121    121   
124    123    124   
121    121    121   
35     35     35    
0      0      0     
0      0      0     
0      0      0     
0      0      0     
0      0      0     
0      0      0     
0      0      0     
0      0      0     
0      0      0     
0      0      0     
0      0      0     
0      0      0     
0      0      0     
6      5      4     
81     56     33    
150    90     31    
168    100    34    
198    119    40    
66     38     13    
0      0      0     
0      0      0     
0      0      0     
0      0      0     
0      0      0     
0      0      0     
0      0      0     
0      0      0     
0      0      0     
0      0      0     
0      0      0     
0      0      0     
0      0      0     
0      0      0     
0      0      0     
0      0      0     
0      0      0     
0      0      0     
0      0      0     
0      0      0     
0      0      0     
0      0      0     
0      0      0     
0      0      0     
0      0      0     
0      0      0     
0      0      0     
0      0      0     
0      0      0     
0      0      0     
0      0      0     
0      0      0     
0      0      0     
0      0      0     
0      0      0     
0      0      0     
0      0      0     
0      0      0     
23     14     5     
125    105    95    
146    161    167   
106    99     114   
116    128    138   
182    183    183   
74     74     74    
0      0      0     
0      0      0     
0      0      0     
0      0      0     
0      0      0     
0      0      0     
0      0      0     
0      0      0     
0      0      0     
0      0      0     
0      0      0     
0      0      0     
0      0      0     
7      5      4     
80     55     33    
156    91     31    
174    102    34    
197    116    40    
66     37     13    
0      0      0     
0      0      0     
0      0      0     
0      0      0     
0      0      0     
0      0      0     
0      0      0     
0      0      0     
0      0      0     
0      0      0     
0      0      0     
0      0      0     
0      0      0     
0      0      0     
0      0      0     
0      0      0     
0      0      0     
0      0      0     
0      0      0     
0      0      0     
0      0      0     
0      0      0     
0      0      0     
0      0      0     
0      0      0     
0      0      0     
0      0      0     
0      0      0     
0      0      0     
0      0      0     
0      0      0     
0      0      0     
0      0      0     
0      0      0     
0      0      0     
0      0      0     
0      0      0     
19     11     3     
130    78     25    
200    121    45    
187    142    94    
174    186    185   
191    207    213   
229    229    229   
70     70     70    
0      0      0     
0      0      0     
0      0      0     
0      0      0     
0      0      0     
0      0      0     
0      0      0     
0      0      0     
0      0      0     
0      0      0     
0      0      0     
0      0      0     
0      0      0     
6      6      4     
80     57     33    
141    83     29    
169    102    35    
208    123    42    
65     37     13    
0      0      0     
0      0      0     
0      0      0     
0      0      0     
0      0      0     
0      0      0     
0      0      0     
0      0      0     
0      0      0     
0      0      0     
0      0      0     
0      0      0     
0      0      0     
0      0      0     
0      0      0     
0      0      0     
0      0      0     
0      0      0     
0      0      0     
0      0      0     
0      0      0     
0      0      0     
0      0      0     
0      0      0     
0      0      0     
0      0      0     
0      0      0     
0      0      0     
0      0      0     
0      0      0     
0      0      0     
0      0      0     
0      0      0     
0      0      0     
0      0      0     
0      0      0     
0      0      0     
11     7      3     
104    63     20    
199    115    39    
212    123    40    
190    145    97    
228    224    220   
149    149    149   
18     18     18    
0      0      0     
0      0      0     
0      0      0     
0      0      0     
0      0      0     
0      0      0     
0      0      0     
0      0      0     
0      0      0     
0      0      0     
0      0      0     
0      0      0     
0      0      0     
6      6      4     
80     56     32    
145    88     31    
150    90     31    
192    115    40    
67     38     13    
0      0      0     
0      0      0     
0      0      0     
0      0      0     
0      0      0     
0      0      0     
0      0      0     
0      0      0     
0      0      0     
0      0      0     
0      0      0     
0      0      0     
0      0      0     
0      0      0     
0      0      0     
0      0      0     
0      0      0     
0      0      0     
0      0      0     
0      0      0     
0      0      0     
0      0      0     
0      0      0     
0      0      0     
0      0      0     
0      0      0     
0      0      0     
0      0      0     
0      0      0     
0      0      0     
0      0      0     
0      0      0     
0      0      0     
0      0      0     
0      0      0     
0      0      0     
0      0      0     
0      0      0     
8      4      1     
41     26     11    
169    126    80    
228    207    188   
147    147    147   
18     18     18    
0      0      0     
0      0      0     
0      0      0     
0      0      0     
0      0      0     
0      0      0     
0      0      0     
0      0      0     
0      0      0     
0      0      0     
0      0      0     
0      0      0     
0      0      0     
0      0      0     
7      6      4     
81     56     33    
149    91     31    
150    87     29    
192    113    39    
66     38     13    
0      0      0     
0      0      0     
0      0      0     
0      0      0     
0      0      0     
0      0      0     
0      0      0     
0      0      0     
0      0      0     
0      0      0     
0      0      0     
0      0      0     
0      0      0     
0      0      0     
0      0      0     
0      0      0     
0      0      0     
0      0      0     
0      0      0     
0      0      0     
0      0      0     
0      0      0     
0      0      0     
0      0      0     
0      0      0     
0      0      0     
0      0      0     
0      0      0     
0      0      0     
0      0      0     
0      0      0     
0      0      0     
0      0      0     
0      0      0     
0      0      0     
0      0      0     
0      0      0     
0      0      0     
0      0      0     
30     29     30    
200    198    198   
230    229    229   
49     49     49    
0      0      0     
0      0      0     
0      0      0     
0      0      0     
0      0      0     
0      0      0     
0      0      0     
0      0      0     
0      0      0     
0      0      0     
0      0      0     
0      0      0     
0      0      0     
0      0      0     
0      0      0     
7      6      4     
80     57     33    
146    85     30    
158    94     33    
203    120    41    
65     39     13    
0      0      0     
0      0      0     
0      0      0     
0      0      0     
0      0      0     
0      0      0     
0      0      0     
0      0      0     
0      0      0     
0      0      0     
0      0      0     
0      0      0     
0      0      0     
0      0      0     
0      0      0     
0      0      0     
0      0      0     
0      0      0     
0      0      0     
0      0      0     
0      0      0     
0      0      0     
0      0      0     
0      0      0     
0      0      0     
0      0      0     
0      0      0     
0      0      0     
0      0      0     
0      0      0     
0      0      0     
0      0      0     
0      0      0     
0      0      0     
0      0      0     
0      0      0     
0      0      0     
0      0      0     
25     25     25    
147    147    147   
244    244    244   
254    253    254   
184    184    184   
39     39     39    
0      0      0     
0      0      0     
0      0      0     
0      0      0     
0      0      0     
0      0      0     
0      0      0     
0      0      0     
0      0      0     
0      0      0     
0      0      0     
0      0      0     
0      0      0     
0      0      0     
6      5      4     
81     56     32    
147    87     30    
180    107    36    
197    118    41    
67     38     13    
0      0      0     
0      0      0     
0      0      0     
0      0      0     
0      0      0     
0      0      0     
0      0      0     
0      0      0     
0      0      0     
0      0      0     
0      0      0     
0      0      0     
0      0      0     
0      0      0     
0      0      0     
0      0      0     
0      0      0     
0      0      0     
0      0      0     
0      0      0     
0      0      0     
0      0      0     
0      0      0     
0      0      0     
0      0      0     
0      0      0     
0      0      0     
0      0      0     
0      0      0     
0      0      0     
0      0      0     
0      0      0     
0      0      0     
0      0      0     
0      0      0     
0      0      0     
0      0      0     
0      0      0     
85     85     85    
233    233    233   
255    255    255   
255    255    255   
216    215    215   
123    123    123   
34     34     34    
0      0      0     
0      0      0     
0      0      0     
0      0      0     
0      0      0     
0      0      0     
0      0      0     
0      0      0     
0      0      0     
0      0      0     
0      0      0     
0      0      0     
0      0      0     
6      5      5     
80     56     32    
145    88     30    
180    109    36    
203    120    41    
66     38     13    
0      0      0     
0      0      0     
0      0      0     
0      0      0     
0      0      0     
0      0      0     
0      0      0     
0      0      0     
0      0      0     
0      0      0     
0      0      0     
0      0      0     
0      0      0     
0      0      0     
0      0      0     
0      0      0     
0      0      0     
0      0      0     
0      0      0     
0      0      0     
0      0      0     
0      0      0     
0      0      0     
0      0      0     
0      0      0     
0      0      0     
0      0      0     
0      0      0     
0      0      0     
0      0      0     
0      0      0     
0      0      0     
0      0      0     
0      0      0     
0      0      0     
0      0      0     
16     16     16    
68     68     68    
92     92     91    
234    233    235   
254    254    254   
255    255    255   
176    176    177   
128    128    128   
88     88     88    
0      0      0     
0      0      0     
0      0      0     
0      0      0     
0      0      0     
0      0      0     
0      0      0     
0      0      0     
0      0      0     
0      0      0     
0      0      0     
0      0      0     
0      0      0     
6      6      4     
80     57     33    
148    89     31    
162    98     32    
205    121    41    
66     38     13    
0      0      0     
0      0      0     
0      0      0     
0      0      0     
0      0      0     
0      0      0     
0      0      0     
0      0      0     
0      0      0     
0      0      0     
0      0      0     
0      0      0     
0      0      0     
0      0      0     
0      0      0     
0      0      0     
0      0      0     
0      0      0     
0      0      0     
0      0      0     
0      0      0     
0      0      0     
0      0      0     
0      0      0     
0      0      0     
0      0      0     
0      0      0     
0      0      0     
0      0      0     
0      0      0     
0      0      0     
0      0      0     
0      0      0     
0      0      0     
0      0      0     
0      0      0     
23     23     23    
101    101    101   
92     92     91    
231    231    232   
254    255    254   
255    255    255   
197    197    198   
132    131    133   
145    145    145   
4      4      4     
0      0      0     
0      0      0     
0      0      0     
0      0      0     
0      0      0     
0      0      0     
0      0      0     
0      0      0     
0      0      0     
0      0      0     
0      0      0     
0      0      0     
6      6      4     
83     57     33    
143    83     29    
150    89     30    
204    120    41    
66     38     13    
0      0      0     
0      0      0     
0      0      0     
0      0      0     
0      0      0     
0      0      0     
0      0      0     
0      0      0     
0      0      0     
0      0      0     
0      0      0     
0      0      0     
0      0      0     
0      0      0     
0      0      0     
0      0      0     
0      0      0     
0      0      0     
0      0      0     
0      0      0     
0      0      0     
0      0      0     
0      0      0     
0      0      0     
0      0      0     
0      0      0     
0      0      0     
0      0      0     
0      0      0     
0      0      0     
0      0      0     
0      0      0     
0      0      0     
0      0      0     
0      0      0     
0      0      0     
6      6      6     
29     29     29    
29     29     29    
160    161    161   
244    243    244   
237    237    239   
152    152    151   
39     40     40    
31     31     31    
2      2      2     
0      0      0     
0      0      0     
0      0      0     
0      0      0     
0      0      0     
0      0      0     
0      0      0     
0      0      0     
0      0      0     
0      0      0     
0      0      0     
0      0      0     
6      5      5     
83     58     34    
144    85     30    
170    101    35    
208    123    42    
66     38     13    
0      0      0     
0      0      0     
0      0      0     
0      0      0     
0      0      0     
0      0      0     
0      0      0     
0      0      0     
0      0      0     
0      0      0     
0      0      0     
0      0      0     
0      0      0     
0      0      0     
0      0      0     
0      0      0     
0      0      0     
0      0      0     
0      0      0     
0      0      0     
0      0      0     
0      0      0     
0      0      0     
0      0      0     
0      0      0     
0      0      0     
0      0      0     
0      0      0     
0      0      0     
0      0      0     
0      0      0     
0      0      0     
0      0      0     
0      0      0     
0      0      0     
0      0      0     
0      0      0     
0      0      0     
4      4      3     
131    126    105   
148    147    140   
164    158    136   
35     34     30    
0      0      0     
0      0      0     
0      0      0     
0      0      0     
0      0      0     
0      0      0     
0      0      0     
0      0      0     
0      0      0     
0      0      0     
0      0      0     
0      0      0     
0      0      0     
0      0      0     
0      0      0     
6      6      4     
81     57     33    
147    89     31    
164    98     33    
201    120    41    
66     38     13    
0      0      0     
0      0      0     
0      0      0     
0      0      0     
0      0      0     
0      0      0     
0      0      0     
0      0      0     
0      0      0     
0      0      0     
0      0      0     
0      0      0     
0      0      0     
0      0      0     
0      0      0     
0      0      0     
0      0      0     
0      0      0     
0      0      0     
0      0      0     
0      0      0     
0      0      0     
0      0      0     
0      0      0     
0      0      0     
0      0      0     
0      0      0     
0      0      0     
0      0      0     
0      0      0     
0      0      0     
0      0      0     
0      0      0     
0      0      0     
0      0      0     
0      0      0     
0      0      0     
0      0      0     
6      6      2     
145    131    53    
39     36     16    
85     77     32    
85     76     29    
4      4      1     
0      0      0     
0      0      0     
0      0      0     
0      0      0     
0      0      0     
0      0      0     
0      0      0     
0      0      0     
0      0      0     
0      0      0     
0      0      0     
0      0      0     
0      0      0     
0      0      0     
7      5      4     
80     55     33    
159    94     33    
171    101    35    
193    115    38    
67     38     13    
0      0      0     
0      0      0     
0      0      0     
0      0      0     
0      0      0     
0      0      0     
0      0      0     
0      0      0     
0      0      0     
0      0      0     
0      0      0     
0      0      0     
0      0      0     
0      0      0     
0      0      0     
0      0      0     
0      0      0     
0      0      0     
0      0      0     
0      0      0     
0      0      0     
0      0      0     
0      0      0     
0      0      0     
0      0      0     
0      0      0     
0      0      0     
0      0      0     
0      0      0     
0      0      0     
0      0      0     
0      0      0     
0      0      0     
0      0      0     
0      0      0     
0      0      0     
0      0      0     
0      0      0     
5      3      1     
162    115    42    
97     80     31    
4      4      1     
94     81     31    
97     84     30    
6      6      2     
0      0      0     
0      0      0     
0      0      0     
0      0      0     
0      0      0     
0      0      0     
0      0      0     
0      0      0     
0      0      0     
0      0      0     
0      0      0     
0      0      0     
0      0      0     
7      6      4     
82     56     33    
147    88     30    
172    102    35    
204    120    42    
65     37     13    
0      0      0     
0      0      0     
0      0      0     
0      0      0     
0      0      0     
0      0      0     
0      0      0     
0      0      0     
0      0      0     
0      0      0     
0      0      0     
0      0      0     
0      0      0     
0      0      0     
0      0      0     
0      0      0     
0      0      0     
0      0      0     
0      0      0     
0      0      0     
0      0      0     
0      0      0     
0      0      0     
0      0      0     
0      0      0     
0      0      0     
0      0      0     
0      0      0     
0      0      0     
0      0      0     
0      0      0     
0      0      0     
0      0      0     
0      0      0     
0      0      0     
0      0      0     
0      0      0     
0      0      0     
4      2      0     
166    103    37    
122    92     35    
0      0      0     
66     41     16    
210    149    56    
57     46     18    
0      0      0     
0      0      0     
0      0      0     
0      0      0     
0      0      0     
0      0      0     
0      0      0     
0      0      0     
0      0      0     
0      0      0     
0      0      0     
0      0      0     
0      0      0     
7      6      4     
81     57     33    
141    83     30    
158    96     32    
201    119    40    
66     38     13    
0      0      0     
0      0      0     
0      0      0     
0      0      0     
0      0      0     
0      0      0     
0      0      0     
0      0      0     
0      0      0     
0      0      0     
0      0      0     
0      0      0     
0      0      0     
0      0      0     
0      0      0     
0      0      0     
0      0      0     
0      0      0     
0      0      0     
0      0      0     
0      0      0     
0      0      0     
0      0      0     
0      0      0     
0      0      0     
0      0      0     
0      0      0     
0      0      0     
0      0      0     
0      0      0     
0      0      0     
0      0      0     
0      0      0     
0      0      0     
0      0      0     
0      0      0     
0      0      0     
0      0      0     
1      0      0     
48     27     10    
34     21     8     
0      0      0     
18     11     4     
64     38     14    
19     12     4     
0      0      0     
0      0      0     
0      0      0     
0      0      0     
0      0      0     
0      0      0     
0      0      0     
0      0      0     
0      0      0     
0      0      0     
0      0      0     
0      0      0     
0      0      0     
7      5      4     
81     56     32    
149    90     31    
149    89     30    
191    112    39    
67     38     13    
0      0      0     
0      0      0     
0      0      0     
0      0      0     
0      0      0     
0      0      0     
0      0      0     
0      0      0     
0      0      0     
0      0      0     
0      0      0     
0      0      0     
0      0      0     
0      0      0     
0      0      0     
0      0      0     
0      0      0     
0      0      0     
0      0      0     
0      0      0     
0      0      0     
0      0      0     
0      0      0     
0      0      0     
0      0      0     
0      0      0     
0      0      0     
0      0      0     
0      0      0     
0      0      0     
0      0      0     
0      0      0     
0      0      0     
0      0      0     
0      0      0     
0      0      0     
0      0      0     
0      0      0     
0      0      0     
0      0      0     
0      0      0     
0      0      0     
0      0      0     
0      0      0     
0      0      0     
0      0      0     
0      0      0     
0      0      0     
0      0      0     
0      0      0     
0      0      0     
0      0      0     
0      0      0     
0      0      0     
0      0      0     
0      0      0     
0      0      0     
0      0      0     
6      6      5     
80     56     32    
147    87     30    
153    91     32    
202    118    41    
66     38     13    
0      0      0     
0      0      0     
0      0      0     
0      0      0     
0      0      0     
0      0      0     
0      0      0     
0      0      0     
0      0      0     
0      0      0     
0      0      0     
0      0      0     
0      0      0     
0      0      0     
0      0      0     
0      0      0     
0      0      0     
0      0      0     
0      0      0     
0      0      0     
0      0      0     
0      0      0     
0      0      0     
0      0      0     
0      0      0     
0      0      0     
0      0      0     
0      0      0     
0      0      0     
0      0      0     
0      0      0     
0      0      0     
0      0      0     
0      0      0     
0      0      0     
0      0      0     
0      0      0     
0      0      0     
0      0      0     
0      0      0     
0      0      0     
0      0      0     
0      0      0     
0      0      0     
0      0      0     
0      0      0     
0      0      0     
0      0      0     
0      0      0     
0      0      0     
0      0      0     
0      0      0     
0      0      0     
0      0      0     
0      0      0     
0      0      0     
0      0      0     
0      0      0     
6      6      5     
81     57     32    
145    85     29    
170    104    35    
200    119    40    
65     38     13    
0      0      0     
0      0      0     
0      0      0     
0      0      0     
0      0      0     
0      0      0     
0      0      0     
0      0      0     
0      0      0     
0      0      0     
0      0      0     
0      0      0     
0      0      0     
0      0      0     
0      0      0     
0      0      0     
0      0      0     
0      0      0     
0      0      0     
0      0      0     
0      0      0     
0      0      0     
0      0      0     
0      0      0     
0      0      0     
0      0      0     
0      0      0     
0      0      0     
0      0      0     
0      0      0     
0      0      0     
0      0      0     
0      0      0     
0      0      0     
0      0      0     
0      0      0     
0      0      0     
0      0      0     
0      0      0     
0      0      0     
0      0      0     
0      0      0     
0      0      0     
0      0      0     
0      0      0     
0      0      0     
0      0      0     
0      0      0     
0      0      0     
0      0      0     
0      0      0     
0      0      0     
0      0      0     
0      0      0     
0      0      0     
0      0      0     
0      0      0     
0      0      0     
7      6      4     
81     57     33    
145    85     30    
182    109    37    
199    117    40    
66     38     13    
0      0      0     
0      0      0     
0      0      0     
0      0      0     
0      0      0     
0      0      0     
0      0      0     
0      0      0     
0      0      0     
0      0      0     
0      0      0     
0      0      0     
0      0      0     
0      0      0     
0      0      0     
0      0      0     
0      0      0     
0      0      0     
0      0      0     
0      0      0     
0      0      0     
0      0      0     
0      0      0     
0      0      0     
0      0      0     
0      0      0     
0      0      0     
0      0      0     
0      0      0     
0      0      0     
0      0      0     
0      0      0     
0      0      0     
0      0      0     
0      0      0     
0      0      0     
0      0      0     
0      0      0     
0      0      0     
0      0      0     
0      0      0     
0      0      0     
0      0      0     
0      0      0     
0      0      0     
0      0      0     
0      0      0     
0      0      0     
0      0      0     
0      0      0     
0      0      0     
0      0      0     
0      0      0     
0      0      0     
0      0      0     
0      0      0     
0      0      0     
0      0      0     
7      6      5     
82     55     33    
147    89     31    
169    101    35    
205    121    42    
65     38     13    
0      0      0     
0      0      0     
0      0      0     
0      0      0     
0      0      0     
0      0      0     
0      0      0     
0      0      0     
0      0      0     
0      0      0     
0      0      0     
0      0      0     
0      0      0     
0      0      0     
0      0      0     
0      0      0     
0      0      0     
0      0      0     
0      0      0     
0      0      0     
0      0      0     
0      0      0     
0      0      0     
0      0      0     
0      0      0     
0      0      0     
0      0      0     
0      0      0     
0      0      0     
0      0      0     
0      0      0     
0      0      0     
0      0      0     
0      0      0     
0      0      0     
0      0      0     
0      0      0     
0      0      0     
0      0      0     
0      0      0     
0      0      0     
0      0      0     
0      0      0     
0      0      0     
0      0      0     
0      0      0     
0      0      0     
0      0      0     
0      0      0     
0      0      0     
0      0      0     
0      0      0     
0      0      0     
0      0      0     
0      0      0     
0      0      0     
0      0      0     
0      0      0     
7      5      4     
82     57     33    
144    85     29    
148    88     30    
202    120    41    
66     37     13    
0      0      0     
0      0      0     
0      0      0     
0      0      0     
0      0      0     
0      0      0     
0      0      0     
0      0      0     
0      0      0     
0      0      0     
0      0      0     
0      0      0     
0      0      0     
0      0      0     
0      0      0     
0      0      0     
0      0      0     
0      0      0     
0      0      0     
0      0      0     
0      0      0     
0      0      0     
0      0      0     
0      0      0     
0      0      0     
0      0      0     
0      0      0     
0      0      0     
0      0      0     
0      0      0     
0      0      0     
0      0      0     
0      0      0     
0      0      0     
0      0      0     
0      0      0     
0      0      0     
0      0      0     
0      0      0     
0      0      0     
0      0      0     
0      0      0     
0      0      0     
0      0      0     
0      0      0     
0      0      0     
0      0      0     
0      0      0     
0      0      0     
0      0      0     
0      0      0     
0      0      0     
0      0      0     
0      0      0     
0      0      0     
0      0      0     
0      0      0     
0      0      0     
6      6      4     
85     60     33    
146    86     30    
163    97     34    
208    123    42    
66     38     13    
0      0      0     
0      0      0     
0      0      0     
0      0      0     
0      0      0     
0      0      0     
0      0      0     
0      0      0     
0      0      0     
0      0      0     
0      0      0     
0      0      0     
0      0      0     
0      0      0     
0      0      0     
0      0      0     
0      0      0     
0      0      0     
0      0      0     
0      0      0     
0      0      0     
0      0      0     
0      0      0     
0      0      0     
0      0      0     
0      0      0     
0      0      0     
0      0      0     
0      0      0     
0      0      0     
0      0      0     
0      0      0     
0      0      0     
0      0      0     
0      0      0     
0      0      0     
0      0      0     
0      0      0     
0      0      0     
0      0      0     
0      0      0     
0      0      0     
0      0      0     
0      0      0     
0      0      0     
0      0      0     
0      0      0     
0      0      0     
0      0      0     
0      0      0     
0      0      0     
0      0      0     
0      0      0     
0      0      0     
0      0      0     
0      0      0     
0      0      0     
0      0      0     
6      6      5     
80     56     32    
145    85     30    
167    100    34    
206    122    41    
66     38     12    
0      0      0     
0      0      0     
0      0      0     
0      0      0     
0      0      0     
0      0      0     
0      0      0     
0      0      0     
0      0      0     
0      0      0     
0      0      0     
0      0      0     
0      0      0     
0      0      0     
0      0      0     
0      0      0     
0      0      0     
0      0      0     
0      0      0     
0      0      0     
0      0      0     
0      0      0     
0      0      0     
0      0      0     
0      0      0     
0      0      0     
0      0      0     
0      0      0     
0      0      0     
0      0      0     
0      0      0     
0      0      0     
0      0      0     
0      0      0     
0      0      0     
0      0      0     
0      0      0     
0      0      0     
0      0      0     
0      0      0     
0      0      0     
0      0      0     
0      0      0     
0      0      0     
0      0      0     
0      0      0     
0      0      0     
0      0      0     
0      0      0     
0      0      0     
0      0      0     
0      0      0     
0      0      0     
0      0      0     
0      0      0     
0      0      0     
0      0      0     
0      0      0     
7      6      4     
81     56     34    
152    92     32    
171    102    35    
195    117    39    
65     37     13    
0      0      0     
0      0      0     
0      0      0     
0      0      0     
0      0      0     
0      0      0     
0      0      0     
0      0      0     
0      0      0     
0      0      0     
0      0      0     
0      0      0     
0      0      0     
0      0      0     
0      0      0     
0      0      0     
0      0      0     
0      0      0     
0      0      0     
0      0      0     
0      0      0     
98     55     20    
15     8      2     
56     32     11    
114    65     21    
112    64     21    
112    63     21    
112    63     21    
112    62     21    
112    63     21    
112    63     21    
113    64     21    
80     45     14    
4      2      0     
0      0      0     
0      0      0     
0      0      0     
0      0      0     
0      0      0     
0      0      0     
0      0      0     
0      0      0     
0      0      0     
0      0      0     
0      0      0     
0      0      0     
0      0      0     
0      0      0     
0      0      0     
0      0      0     
0      0      0     
0      0      0     
0      0      0     
0      0      0     
0      0      0     
0      0      0     
0      0      0     
0      0      0     
7      6      4     
80     57     32    
151    89     30    
174    103    36    
202    119    41    
66     38     13    
0      0      0     
0      0      0     
0      0      0     
0      0      0     
0      0      0     
0      0      0     
0      0      0     
0      0      0     
0      0      0     
0      0      0     
0      0      0     
0      0      0     
0      0      0     
0      0      0     
0      0      0     
0      0      0     
0      0      0     
0      0      0     
0      0      0     
0      0      0     
0      0      0     
204    122    40    
148    88     28    
178    106    35    
216    129    44    
212    127    42    
212    127    42    
212    108    44    
207    63     44    
208    101    44    
213    127    42    
216    129    43    
193    114    38    
83     48     15    
6      3      1     
0      0      0     
0      0      0     
0      0      0     
0      0      0     
0      0      0     
0      0      0     
0      0      0     
0      0      0     
0      0      0     
0      0      0     
0      0      0     
0      0      0     
0      0      0     
0      0      0     
0      0      0     
0      0      0     
0      0      0     
0      0      0     
0      0      0     
0      0      0     
0      0      0     
0      0      0     
0      0      0     
6      6      4     
81     55     33    
140    83     29    
163    100    33    
205    121    41    
65     37     13    
0      0      0     
0      0      0     
0      0      0     
0      0      0     
0      0      0     
0      0      0     
0      0      0     
0      0      0     
0      0      0     
0      0      0     
0      0      0     
0      0      0     
0      0      0     
0      0      0     
0      0      0     
0      0      0     
0      0      0     
0      0      0     
0      0      0     
0      0      0     
0      0      0     
204    97     44    
204    106    43    
218    117    46    
212    102    45    
196    94     41    
198    109    41    
208    107    44    
192    43     42    
189    43     44    
201    91     42    
213    121    44    
201    122    41    
194    115    39    
92     53     17    
5      3      1     
0      0      0     
0      0      0     
0      0      0     
0      0      0     
0      0      0     
0      0      0     
0      0      0     
0      0      0     
0      0      0     
0      0      0     
0      0      0     
0      0      0     
0      0      0     
0      0      0     
0      0      0     
0      0      0     
0      0      0     
0      0      0     
0      0      0     
0      0      0     
0      0      0     
0      0      0     
6      6      5     
81     56     32    
148    90     30    
149    88     30    
190    113    39    
67     38     13    
0      0      0     
0      0      0     
0      0      0     
0      0      0     
0      0      0     
0      0      0     
0      0      0     
0      0      0     
0      0      0     
0      0      0     
0      0      0     
0      0      0     
0      0      0     
0      0      0     
0      0      0     
0      0      0     
0      0      0     
0      0      0     
0      0      0     
0      0      0     
0      0      0     
192    48     43    
193    49     43    
192    51     42    
190    30     43    
191    30     43    
192    52     43    
194    74     42    
191    52     43    
189    31     42    
192    33     43    
194    67     42    
196    115    41    
199    120    40    
198    116    39    
68     39     12    
0      0      0     
0      0      0     
0      0      0     
0      0      0     
0      0      0     
0      0      0     
0      0      0     
0      0      0     
0      0      0     
0      0      0     
0      0      0     
0      0      0     
0      0      0     
0      0      0     
0      0      0     
0      0      0     
0      0      0     
0      0      0     
0      0      0     
0      0      0     
0      0      0     
0      0      0     
6      5      5     
82     56     33    
149    90     31    
149    89     30    
197    114    40    
67     38     13    
0      0      0     
0      0      0     
0      0      0     
0      0      0     
0      0      0     
0      0      0     
0      0      0     
0      0      0     
0      0      0     
0      0      0     
0      0      0     
0      0      0     
0      0      0     
0      0      0     
0      0      0     
0      0      0     
0      0      0     
0      0      0     
0      0      0     
0      0      0     
0      0      0     
201    71     45    
194    58     43    
197    56     43    
195    56     44    
193    55     42    
192    54     43    
195    55     42    
199    76     43    
192    71     40    
191    34     43    
198    56     44    
197    113    41    
202    123    41    
189    115    39    
73     44     13    
0      0      0     
0      0      0     
0      0      0     
0      0      0     
0      0      0     
0      0      0     
0      0      0     
0      0      0     
0      0      0     
0      0      0     
0      0      0     
0      0      0     
0      0      0     
0      0      0     
0      0      0     
0      0      0     
0      0      0     
0      0      0     
0      0      0     
0      0      0     
0      0      0     
0      0      0     
7      5      4     
81     56     33    
145    87     30    
164    98     33    
203    121    41    
67     38     13    
0      0      0     
0      0      0     
0      0      0     
0      0      0     
0      0      0     
0      0      0     
0      0      0     
0      0      0     
0      0      0     
0      0      0     
0      0      0     
0      0      0     
0      0      0     
0      0      0     
0      0      0     
0      0      0     
0      0      0     
0      0      0     
0      0      0     
0      0      0     
0      0      0     
212    122    45    
200    117    39    
207    121    42    
202    119    40    
197    117    40    
197    117    41    
203    120    40    
206    121    43    
192    57     42    
191    43     44    
207    109    43    
200    120    40    
192    116    39    
102    63     21    
8      6      2     
0      0      0     
0      0      0     
0      0      0     
0      0      0     
0      0      0     
0      0      0     
0      0      0     
0      0      0     
0      0      0     
0      0      0     
0      0      0     
0      0      0     
0      0      0     
0      0      0     
0      0      0     
0      0      0     
0      0      0     
0      0      0     
0      0      0     
0      0      0     
0      0      0     
0      0      0     
7      6      4     
81     56     32    
144    85     29    
183    109    37    
164    98     33    
37     21     8     
0      0      0     
1      0      0     
1      0      0     
0      0      0     
0      0      0     
0      0      0     
0      0      0     
0      0      0     
0      0      0     
0      0      0     
0      0      0     
0      0      0     
0      0      0     
0      0      0     
0      0      0     
0      0      0     
0      0      0     
0      0      0     
0      0      0     
0      0      0     
0      0      0     
195    119    40    
195    120    38    
195    119    40    
195    119    39    
195    119    40    
195    119    40    
194    119    40    
195    117    40    
190    68     40    
193    93     41    
197    119    40    
184    112    38    
97     61     20    
11     7      3     
0      0      0     
0      0      0     
0      0      0     
0      0      0     
0      0      0     
0      0      0     
0      0      0     
0      0      0     
0      0      0     
0      0      0     
0      0      0     
0      0      0     
0      0      0     
0      0      0     
0      0      0     
0      0      0     
0      0      0     
0      1      1     
1      2      3     
1      2      3     
1      2      2     
1      3      3     
0      4      4     
4      5      5     
52     38     23    
80     50     19    
149    86     29    
72     42     21    
63     21     21    
62     22     21    
69     16     19    
64     11     15    
23     0      3     
14     0      2     
20     1      3     
7      0      1     
0      0      0     
0      0      0     
0      0      0     
0      0      0     
0      0      0     
0      0      0     
0      0      0     
0      0      0     
0      0      0     
0      0      0     
0      0      0     
0      0      0     
0      0      0     
0      0      0     
118    76     24    
119    76     25    
119    75     25    
118    75     25    
118    75     25    
118    74     24    
119    75     25    
119    75     24    
119    69     24    
119    74     23    
118    76     25    
90     56     18    
11     7      2     
0      0      0     
0      0      0     
0      0      0     
0      0      0     
0      0      0     
0      0      0     
0      0      0     
0      0      0     
0      0      0     
0      0      0     
0      0      0     
0      0      0     
0      0      0     
0      0      0     
0      0      0     
0      0      0     
0      0      0     
0      0      0     
31     36     38    
57     62     64    
58     63     65    
54     59     61    
60     62     65    
60     29     35    
51     40     45    
61     66     64    
63     70     69    
43     25     19    
94     22     25    
116    34     36    
115    67     64    
127    75     75    
133    51     56    
83     8      19    
70     6      12    
103    13     20    
59     5      12    
0      0      0     
0      0      0     
0      0      0     
0      0      0     
0      0      0     
0      0      0     
0      0      0     
0      0      0     
0      0      0     
0      0      0     
0      0      0     
0      0      0     
0      0      0     
0      0      0     
3      2      1     
3      2      1     
3      2      1     
2      1      0     
26     15     5     
41     23     7     
2      1      1     
3      2      1     
3      2      1     
3      2      1     
3      2      1     
2      1      1     
0      0      0     
0      0      0     
0      0      0     
0      0      0     
0      0      0     
0      0      0     
0      0      0     
0      0      0     
0      0      0     
0      0      0     
0      0      0     
0      0      0     
0      0      0     
0      0      0     
0      0      0     
0      0      0     
0      0      0     
0      0      0     
26     31     33    
89     97     97    
119    119    119   
156    156    156   
153    152    152   
156    142    144   
159    97     103   
147    121    124   
154    156    155   
151    152    152   
57     44     46    
125    14     26    
159    26     40    
187    155    158   
206    201    201   
116    83     82    
12     4      4     
0      0      0     
34     11     12    
77     24     27    
0      0      0     
0      0      0     
0      0      0     
0      0      0     
0      0      0     
0      0      0     
0      0      0     
0      0      0     
0      0      0     
0      0      0     
0      0      0     
0      0      0     
0      0      0     
0      0      0     
0      0      0     
0      0      0     
0      0      0     
0      0      0     
57     32     11    
91     52     18    
0      0      0     
0      0      0     
0      0      0     
0      0      0     
0      0      0     
0      0      0     
0      0      0     
0      0      0     
0      0      0     
0      0      0     
0      0      0     
0      0      0     
0      0      0     
0      0      0     
0      0      0     
0      0      0     
0      0      0     
0      0      0     
0      0      0     
0      0      0     
0      0      0     
0      0      0     
0      0      0     
0      0      0     
51     54     56    
122    131    136   
128    136    140   
165    173    175   
159    147    152   
136    90     98    
142    143    147   
164    172    175   
166    174    178   
165    172    175   
71     62     65    
125    12     24    
153    24     37    
100    65     71    
118    80     86    
29     26     32    
50     12     16    
71     52     52    
85     53     53    
35     16     16    
0      0      0     
0      0      0     
0      0      0     
0      0      0     
0      0      0     
0      0      0     
0      0      0     
0      0      0     
0      0      0     
0      0      0     
0      0      0     
0      0      0     
0      0      0     
0      0      0     
0      0      0     
0      0      0     
0      0      0     
0      0      0     
59     35     10    
94     56     18    
0      0      0     
0      0      0     
0      0      0     
0      0      0     
0      0      0     
0      0      0     
0      0      0     
0      0      0     
0      0      0     
0      0      0     
0      0      0     
0      0      0     
0      0      0     
0      0      0     
0      0      0     
0      0      0     
0      0      0     
1      1      0     
2      3      0     
0      0      0     
0      0      0     
1      1      0     
2      3      0     
0      0      0     
5      6      6     
38     47     51    
48     59     64    
42     51     55    
52     64     68    
39     45     45    
40     48     52    
67     72     72    
79     80     78    
65     65     56    
37     32     34    
127    14     27    
96     16     24    
9      18     24    
12     10     13    
92     42     46    
141    51     50    
112    85     82    
40     38     38    
0      0      0     
1      1      0     
2      3      0     
0      0      0     
0      0      0     
0      0      0     
0      0      0     
0      0      0     
0      0      0     
0      0      0     
0      0      0     
0      0      0     
0      0      0     
0      0      0     
0      0      0     
0      0      0     
0      0      0     
0      0      0     
0      0      0     
49     30     10    
79     49     15    
0      0      0     
0      0      0     
0      0      0     
0      0      0     
0      0      0     
0      0      0     
0      0      0     
0      0      0     
0      0      0     
0      0      0     
0      0      0     
0      0      0     
0      0      0     
0      0      0     
0      0      0     
0      0      0     
0      0      0     
27     33     5     
69     106    16    
17     38     4     
0      0      0     
20     24     3     
57     74     11    
2      3      1     
0      0      0     
0      0      0     
0      0      0     
0      0      0     
2      3      0     
61     85     12    
46     82     13    
48     38     23    
72     45     15    
70     79     14    
53     44     11    
79     7      17    
35     15     22    
22     19     23    
119    77     78    
92     63     64    
75     76     26    
58     99     15    
8      20     2     
0      0      0     
36     45     6     
45     58     9     
0      0      0     
0      0      0     
0      0      0     
0      0      0     
0      0      0     
0      0      0     
0      0      0     
0      0      0     
0      0      0     
0      0      0     
0      0      0     
0      0      0     
0      0      0     
0      0      0     
0      0      0     
0      0      0     
52     31     9     
82     48     16    
0      0      0     
0      0      0     
0      0      0     
0      0      0     
0      0      0     
0      0      0     
0      0      0     
0      0      0     
0      0      0     
0      0      0     
0      0      0     
0      0      0     
0      0      0     
0      0      0     
0      0      0     
0      0      0     
0      0      0     
4      5      0     
84     111    20    
78     114    25    
17     24     4     
66     90     14    
26     36     6     
0      0      0     
0      0      0     
0      0      0     
0      0      0     
0      0      0     
0      0      0     
31     41     7     
109    148    30    
31     41     12    
72     89     17    
69     94     16    
119    72     23    
63     33     12    
11     16     23    
19     17     18    
52     30     22    
8      8      9     
13     17     3     
104    140    27    
52     81     18    
26     33     5     
66     92     14    
13     18     3     
0      0      0     
0      0      0     
0      0      0     
0      0      0     
0      0      0     
0      0      0     
0      0      0     
0      0      0     
0      0      0     
0      0      0     
0      0      0     
0      0      0     
91     71     19    
89     69     19    
91     69     19    
85     66     17    
99     68     18    
119    82     24    
83     66     17    
90     69     19    
89     69     19    
89     69     19    
89     69     19    
89     69     19    
89     69     19    
89     69     19    
89     69     19    
89     69     19    
89     69     19    
89     69     19    
89     69     19    
89     69     19    
89     69     19    
90     69     19    
87     65     18    
40     38     8     
76     108    18    
68     96     25    
47     79     13    
71     117    21    
17     21     10    
43     33     10    
91     70     19    
89     69     19    
90     69     19    
90     69     19    
43     33     7     
44     61     9     
85     121    25    
43     71     13    
78     126    21    
43     69     17    
83     50     19    
133    87     26    
72     60     27    
83     65     25    
125    84     24    
56     44     10    
35     44     6     
87     121    22    
53     78     22    
58     97     15    
60     98     20    
12     10     6     
63     49     13    
91     70     19    
89     69     19    
89     69     19    
89     69     19    
89     69     19    
89     69     19    
89     69     19    
90     69     19    
90     69     19    
42     32     7     
0      0      0     
78     85     17    
76     82     16    
77     82     16    
76     83     16    
69     78     15    
70     79     15    
76     83     16    
77     83     16    
77     82     16    
77     83     16    
77     83     16    
78     83     16    
77     83     16    
77     82     16    
77     83     16    
77     83     16    
78     83     16    
78     83     16    
78     83     16    
77     82     16    
77     83     16    
77     83     16    
77     83     15    
60     74     12    
57     78     13    
52     75     13    
53     76     13    
52     73     13    
51     65     13    
61     71     12    
77     83     16    
77     83     16    
77     83     16    
78     85     16    
61     72     13    
57     76     13    
53     76     14    
53     76     13    
52     75     13    
54     70     14    
50     62     12    
67     76     15    
68     77     15    
69     77     15    
74     81     16    
67     76     14    
57     74     12    
55     77     13    
53     76     13    
53     76     13    
53     72     14    
50     63     12    
68     75     14    
77     83     16    
77     83     16    
77     83     16    
78     83     16    
78     83     16    
77     82     16    
77     82     16    
77     83     16    
77     84     16    
60     71     12    
44     57     9     
115    168    29    
147    192    34    
150    195    35    
126    178    31    
137    184    34    
111    165    29    
108    162    29    
129    180    31    
145    193    34    
124    176    31    
121    171    30    
107    161    28    
130    179    31    
152    197    35    
130    181    32    
134    182    32    
115    166    29    
108    162    28    
112    167    28    
144    192    34    
126    177    31    
135    182    33    
109    163    28    
123    173    30    
153    197    36    
147    193    36    
128    178    31    
134    180    33    
111    163    28    
110    164    28    
139    188    33    
138    187    33    
125    175    31    
115    166    29    
111    162    29    
142    187    34    
155    197    37    
128    179    31    
138    184    34    
113    165    29    
111    165    29    
132    181    32    
147    194    34    
128    178    31    
132    179    33    
110    162    28    
133    181    33    
155    199    37    
140    188    34    
134    181    31    
126    174    31    
109    163    28    
113    167    28    
146    192    34    
135    184    32    
135    182    33    
110    162    28    
113    166    29    
147    192    34    
145    192    34    
126    176    31    
130    179    31    
109    162    28    
110    164    28    
132    116    30    
103    142    29    
110    153    29    
97     137    27    
136    119    33    
140    111    31    
115    114    29    
88     138    27    
108    152    29    
103    132    28    
139    115    32    
140    111    32    
114    128    30    
105    151    28    
96     143    27    
127    123    32    
140    113    33    
137    112    31    
90     123    27    
105    151    28    
98     137    27    
136    120    33    
140    112    32    
126    120    31    
102    147    29    
108    153    29    
103    132    29    
141    118    34    
140    112    32    
100    117    28    
96     145    27    
103    149    28    
113    127    29    
140    112    32    
138    111    32    
106    134    30    
107    151    28    
96     136    28    
135    119    33    
140    112    32    
128    112    30    
95     136    28    
107    153    29    
103    132    29    
140    118    33    
140    111    31    
116    127    31    
104    152    29    
103    148    28    
114    127    30    
143    116    33    
137    111    32    
90     123    28    
104    151    28    
106    144    28    
136    121    34    
140    112    32    
133    115    31    
103    143    29    
105    152    29    
103    131    29    
141    117    33    
141    112    32    
123    112    30    
172    105    38    
112    83     36    
156    108    38    
157    106    36    
123    79     38    
167    99     37    
151    96     37    
115    86     37    
167    112    37    
145    98     35    
140    87     37    
186    109    39    
131    88     36    
125    91     37    
161    110    35    
125    82     36    
154    93     39    
182    107    37    
120    85     36    
152    105    37    
157    107    35    
123    79     37    
171    101    39    
157    98     37    
114    84     36    
167    111    37    
143    97     35    
134    84     37    
186    110    39    
133    89     36    
125    91     36    
171    115    38    
135    90     35    
155    94     38    
180    107    37    
118    83     36    
139    97     36    
155    104    35    
122    78     36    
171    102    40    
168    103    36    
121    87     36    
167    113    38    
145    98     34    
128    81     37    
182    107    40    
136    90     36    
125    91     37    
171    116    38    
131    88     35    
150    91     39    
182    107    38    
119    84     36    
139    99     37    
165    109    37    
122    79     36    
171    101    39    
167    101    36    
112    82     37    
152    106    37    
143    97     34    
128    81     37    
181    107    40    
158    99     37    
152    94     40    
179    109    38    
117    76     39    
155    96     38    
177    106    40    
126    81     37    
157    97     38    
165    100    39    
123    79     37    
155    96     38    
141    88     38    
130    83     37    
186    112    38    
146    92     38    
140    88     37    
182    109    41    
133    85     37    
127    82     36    
175    107    40    
133    84     37    
145    90     37    
167    102    41    
120    79     37    
165    101    39    
164    102    39    
115    75     38    
171    103    38    
160    99     38    
118    75     38    
171    103    39    
151    94     38    
126    80     37    
162    99     39    
130    83     38    
142    90     37    
188    113    39    
130    84     38    
156    96     39    
177    108    40    
120    79     37    
141    89     37    
162    98     39    
124    80     37    
158    94     37    
156    97     40    
121    80     38    
180    109    39    
146    92     38    
124    79     38    
182    110    39    
142    90     38    
126    81     37    
176    106    40    
137    87     37    
137    85     38    
166    102    41    
122    79     38    
160    98     36    
180    109    39    
124    80     37    
171    103    39    
163    101    39    
117    75     38    
152    93     38    
152    94     41    
133    85     38    
75     58     43    
124    81     45    
116    76     39    
102    70     39    
73     57     43    
114    75     38    
123    80     37    
72     56     44    
77     59     42    
135    87     38    
160    96     40    
96     67     39    
111    76     44    
120    79     42    
111    75     38    
71     57     42    
90     64     41    
125    82     37    
83     61     42    
60     51     46    
105    71     39    
156    96     39    
115    77     39    
77     61     44    
130    84     45    
108    73     39    
77     59     41    
80     60     42    
124    80     36    
112    75     39    
63     53     45    
90     63     40    
151    93     40    
148    91     39    
86     63     42    
124    82     45    
115    75     40    
103    71     39    
70     55     42    
112    74     38    
123    81     37    
70     56     44    
66     54     43    
120    79     40    
156    96     39    
96     67     39    
91     66     45    
127    82     44    
104    71     39    
71     56     42    
90     64     41    
130    84     36    
95     68     40    
60     51     44    
103    71     38    
160    97     41    
132    83     38    
85     63     42    
130    85     44    
116    77     40    
90     66     40    
71     55     43    
73     73     68    
77     78     71    
41     46     50    
61     72     77    
96     90     80    
64     59     50    
76     83     84    
92     82     70    
55     50     45    
41     53     60    
88     88     85    
71     71     64    
88     88     80    
58     59     56    
51     61     67    
96     93     87    
71     63     51    
57     65     67    
94     93     88    
68     61     52    
38     46     53    
73     81     85    
82     78     74    
79     79     72    
68     68     64    
38     47     52    
77     82     84    
89     81     70    
56     59     56    
86     90     89    
83     72     60    
48     47     46    
51     63     69    
88     86     82    
73     73     66    
85     85     79    
48     53     53    
62     72     76    
97     90     81    
63     57     47    
66     75     76    
87     79     70    
55     51     46    
40     51     60    
84     87     88    
74     71     66    
83     83     76    
58     59     56    
41     51     60    
89     91     90    
78     70     60    
58     65     66    
93     93     88    
73     62     51    
43     50     53    
72     81     84    
82     79     72    
83     82     73    
93     89     82    
45     51     55    
57     65     68    
61     55     46    
57     55     49    
70     79     81    
108    120    124   
117    128    131   
99     109    114   
136    141    141   
132    138    137   
109    116    116   
140    145    146   
119    126    126   
79     93     97    
115    123    126   
114    126    131   
94     107    113   
133    140    143   
97     108    116   
123    129    133   
140    145    144   
106    114    114   
129    133    136   
140    145    145   
87     99     102   
105    111    117   
128    137    139   
93     110    114   
116    128    131   
106    118    123   
109    115    119   
142    145    146   
124    130    129   
120    125    128   
143    147    147   
104    113    113   
83     96     102   
124    130    133   
104    118    122   
105    116    123   
127    137    140   
96     107    113   
134    140    142   
132    138    137   
107    113    115   
134    140    142   
119    126    125   
79     93     96    
116    123    126   
123    133    137   
90     106    112   
123    134    137   
97     110    115   
118    125    128   
143    147    149   
116    122    121   
128    133    135   
140    145    145   
91     102    103   
94     104    109   
128    137    140   
94     109    116   
120    130    133   
128    134    137   
89     104    110   
125    134    135   
82     88     90    
80     89     96    
135    141    143   
73     81     85    
102    118    124   
108    121    125   
126    133    136   
87     105    112   
100    112    118   
127    136    139   
87     108    115   
58     73     82    
116    125    129   
76     94     102   
56     66     70    
103    115    116   
99     120    124   
125    133    134   
97     112    119   
88     104    110   
127    132    135   
111    126    131   
59     76     85    
104    114    118   
99     119    124   
53     67     76    
84     93     95    
101    120    126   
115    126    128   
120    129    132   
86     102    109   
119    128    129   
120    132    136   
75     96     103   
68     82     88    
115    127    132   
61     80     86    
69     77     80    
105    118    122   
104    120    125   
126    132    135   
87     104    110   
98     109    115   
130    136    138   
92     109    116   
57     72     82    
115    126    130   
88     107    113   
49     62     68    
96     104    109   
101    120    124   
122    129    131   
109    122    125   
89     104    110   
127    132    134   
110    126    130   
64     83     93    
83     96     102   
101    119    125   
52     67     75    
87     92     93    
112    126    129   
108    121    127   
120    129    132   
77     94     101   
101    113    116   
129    137    139   
5      6      6     
29     37     40    
26     36     42    
31     43     50    
21     32     38    
13     18     23    
38     52     62    
31     46     54    
15     22     28    
37     50     59    
17     23     29    
2      1      2     
15     20     20    
33     45     50    
30     40     48    
28     38     47    
10     15     18    
25     35     41    
40     55     64    
18     25     33    
31     44     52    
31     44     52    
4      5      8     
9      11     11    
33     43     49    
23     32     37    
33     45     55    
16     21     31    
19     26     30    
42     56     66    
26     35     48    
18     25     32    
38     50     57    
9      14     17    
2      2      2     
22     28     30    
31     43     50    
31     43     52    
22     32     41    
10     13     17    
33     45     53    
32     46     56    
16     21     29    
38     51     61    
26     33     41    
2      3      4     
15     18     20    
32     45     51    
23     31     38    
31     44     54    
12     17     24    
26     35     40    
40     54     65    
20     29     37    
24     34     41    
33     43     52    
5      6      9     
7      7      6     
37     42     45    
29     40     47    
33     45     55    
16     24     32    
13     19     22    
38     51     59    
0      0      0     
0      1      1     
1      2      2     
1      2      4     
2      3      3     
0      0      0     
1      3      4     
2      5      5     
1      2      1     
1      2      4     
1      1      1     
0      0      0     
0      0      0     
1      2      3     
1      2      3     
2      3      4     
0      1      0     
0      1      2     
2      3      5     
2      2      3     
1      2      3     
1      2      4     
0      0      0     
0      0      0     
1      2      2     
0      1      2     
2      3      5     
2      2      3     
0      0      1     
2      3      5     
2      3      5     
1      1      2     
2      3      4     
1      0      1     
0      0      0     
0      1      1     
1      2      3     
1      2      4     
2      4      4     
0      0      0     
2      2      3     
3      4      5     
1      1      2     
2      2      4     
2      1      2     
0      0      0     
0      0      0     
1      2      3     
0      1      2     
2      4      5     
1      1      2     
1      1      2     
3      3      5     
2      3      3     
1      1      3     
2      2      4     
0      0      0     
0      0      0     
0      0      1     
1      2      3     
2      2      5     
2      2      3     
0      0      0     
3      5      7     
0      0      0     
0      0      0     
0      0      0     
0      0      0     
0      0      0     
0      0      0     
0      0      0     
0      0      0     
0      0      0     
0      0      0     
0      0      0     
0      0      0     
0      0      0     
0      0      0     
0      0      0     
0      0      0     
0      0      0     
0      0      0     
0      0      0     
0      0      0     
0      0      0     
0      0      0     
0      0      0     
0      0      0     
0      0      0     
0      0      0     
0      0      0     
0      0      0     
0      0      0     
0      0      0     
0      0      0     
0      0      0     
0      0      0     
0      0      0     
0      0      0     
0      0      0     
0      0      0     
0      0      0     
0      0      0     
0      0      0     
0      0      0     
0      0      0     
0      0      0     
0      0      0     
0      0      0     
0      0      0     
0      0      0     
0      0      0     
0      0      0     
0      0      0     
0      0      0     
0      0      0     
0      0      0     
0      0      0     
0      0      0     
0      0      0     
0      0      0     
0      0      0     
0      0      0     
0      0      0     
0      0      0     
0      0      0     
0      0      0     
8      10     12    
0      0      0     
0      0      0     
0      0      0     
0      0      0     
0      0      0     
0      0      0     
0      0      0     
0      0      0     
0      0      0     
0      0      0     
0      0      0     
0      0      0     
0      0      0     
0      0      0     
0      0      0     
0      0      0     
0      0      0     
0      0      0     
0      0      0     
0      0      0     
0      0      0     
0      0      0     
0      0      0     
0      0      0     
0      0      0     
0      0      0     
0      0      0     
0      0      0     
0      0      0     
0      0      0     
0      0      0     
0      0      0     
0      0      0     
0      0      0     
0      0      0     
0      0      0     
0      0      0     
0      0      0     
0      0      0     
0      0      0     
0      0      0     
0      0      0     
0      0      0     
0      0      0     
0      0      0     
0      0      0     
0      0      0     
0      0      0     
0      0      0     
0      0      0     
0      0      0     
0      0      0     
0      0      0     
0      0      0     
0      0      0     
0      0      0     
0      0      0     
0      0      0     
0      0      0     
0      0      0     
0      0      0     
0      0      0     
2      4      5     
23     41     44    
